-,-,-
-235, -360, 872
-243, -347, 821
-262, -323, 963
-227, -343, 979
-227, -343, 979
-196, -385, 942
-152, -431, 892
-166, -368, 959
-196, -236, 989
-217, -126, 983
-222, 8, 1004
-292, 603, 1189
-240, 1193, 974
164, 887, 726
505, 158, 954
539, -520, 1290
439, -961, 1237
294, -1292, 1140
231, -1771, 1131
285, -1998, 1115
374, -1705, 899
342, -1002, 792
342, -1002, 792
235, -453, 956
140, -49, 1201
35, 210, 1252
-23, 299, 1160
-76, 334, 1136
-,-,-
-208, -352, 979
-190, -387, 1211
-98, -315, 1107
-74, -188, 930
-94, -75, 970
-85, -27, 1051
-80, 92, 1176
-153, 562, 1359
-63, 974, 1176
164, 847, 953
164, 847, 953
354, 529, 988
495, 172, 1123
559, -443, 1105
486, -1139, 1038
334, -1521, 1038
297, -1678, 1114
310, -1760, 1092
436, -1825, 939
534, -1583, 1010
510, -919, 1155
379, -401, 1077
305, -11, 1126
224, 347, 1166
132, 602, 1160
63, 704, 1131
63, 704, 1131
22, 650, 1197
9, 462, 1244
-,-,-
-205, -276, 1013
-86, -233, 1148
-53, -91, 1112
-33, 41, 1035
-47, 113, 1065
-41, 170, 1164
-41, 170, 1164
-44, 239, 1238
-103, 578, 1396
-83, 965, 1318
168, 968, 1016
447, 350, 518
-,-,-
-201, -249, 716
-213, -509, 779
-195, -528, 1132
-228, -347, 1085
-207, -103, 986
-94, 52, 1006
-22, 168, 1061
0, 292, 1135
-25, 514, 1220
15, 752, 1259
15, 752, 1259
170, 1061, 1259
425, 969, 1130
628, 693, 1248
751, 483, 1262
892, -123, 812
766, -960, 864
564, -1607, 1217
408, -1914, 1207
350, -1888, 1169
318, -1692, 1071
299, -1641, 955
256, -1269, 1032
186, -814, 1022
132, -388, 980
116, -139, 901
116, -139, 901
127, 20, 918
124, 148, 1038
106, 287, 1216
65, 371, 1252
-,-,-
-186, -176, 1066
-140, -208, 1036
-75, -144, 942
-57, -21, 1023
-70, 294, 1151
-62, 634, 1186
58, 728, 1197
167, 741, 1201
315, 508, 1269
315, 508, 1269
440, 49, 1153
387, -474, 819
253, -870, 709
146, -1219, 868
69, -1401, 1076
60, -1451, 1047
135, -1488, 823
210, -1326, 709
174, -1014, 861
157, -671, 1200
169, -259, 1282
148, 62, 1118
148, 62, 1118
111, 245, 1063
37, 355, 1159
-26, 409, 1184
-,-,-
-186, -143, 986
-141, -201, 1414
-90, -174, 1256
-16, -63, 1134
-39, 163, 1103
-156, 766, 1187
-148, 1069, 1120
143, 629, 1060
249, 184, 885
249, 184, 885
178, -79, 966
104, -352, 995
63, -707, 965
53, -986, 896
33, -1273, 871
33, -1273, 871
37, -1564, 995
159, -1801, 857
252, -1601, 901
232, -1022, 1091
147, -431, 1192
51, 5, 1262
15, 326, 1156
7, 517, 1066
0, 548, 1038
0, 548, 1038
-17, 452, 1069
-43, 338, 1124
-61, 176, 1082
-80, 20, 1060
-,-,-
-208, -217, 912
-183, -219, 1233
-113, -176, 1068
-66, -101, 991
-73, -24, 1114
-74, 166, 1239
-151, 733, 1252
-122, 990, 1152
118, 623, 1079
118, 623, 1079
191, 315, 1001
175, 135, 959
219, -207, 905
222, -769, 822
133, -1287, 952
149, -1673, 983
165, -1756, 779
174, -1588, 698
161, -1146, 963
100, -705, 1190
51, -290, 1234
51, -290, 1234
8, 0, 1142
-12, 187, 1037
-5, 315, 1089
-5, 357, 1081
13, 341, 1094
13, 341, 1094
-13, 246, 1073
-45, 93, 1057
-,-,-
-130, -180, 969
-95, -203, 1180
-9, -178, 1147
-9, -178, 1147
-4, -86, 1297
-54, 197, 1549
-147, 904, 1530
-36, 955, 1240
-,-,-
-71, -1488, 755
-71, -1488, 755
-8, -1392, 880
-13, -1081, 1075
-35, -672, 1156
-51, -458, 1003
-36, -257, 977
-,-,-
-59, -327, 1095
-134, -249, 1206
-180, -274, 978
-182, -466, 850
-178, -642, 793
-216, -754, 685
-193, -944, 784
-164, -1203, 773
-99, -1010, 953
-122, -669, 1145
-114, -390, 1122
-83, -278, 910
-11, -219, 970
-14, -1, 1204
-14, -1, 1204
-41, 322, 1206
-38, 499, 902
-38, 498, 970
-30, 433, 1128
-27, 329, 1123
-19, 142, 1119
-33, 29, 1259
-33, 29, 1259
-78, 34, 1272
-,-,-
-265, -162, 934
-239, -152, 943
-204, -58, 996
-203, 50, 1023
-203, 50, 1023
-192, 127, 1046
-169, 204, 1069
-126, 309, 1062
-118, 552, 1109
-167, 1125, 1071
-58, 1254, 930
156, 998, 973
330, 597, 954
419, -91, 1036
303, -1035, 1315
214, -1494, 1382
245, -1454, 1005
199, -1417, 862
131, -1422, 1039
158, -1304, 1158
200, -807, 1197
123, -157, 1332
-84, 558, 1091
-84, 558, 1091
-198, 838, 811
-136, 665, 980
-49, 350, 1118
-38, 227, 1252
-,-,-
-209, -191, 724
-174, -234, 1065
-103, -267, 1203
-11, -316, 1091
118, -101, 1171
122, 396, 1336
-23, 1197, 1303
-87, 1793, 1047
207, 1429, 1177
510, 633, 1407
570, -20, 1139
522, -606, 566
522, -606, 566
425, -1371, 603
355, -1988, 991
329, -1998, 1381
328, -1933, 1398
175, -1309, 905
62, -715, 920
31, -225, 1093
34, 298, 1192
46, 986, 1028
57, 1227, 944
111, 897, 1078
111, 897, 1078
111, 415, 1209
24, 18, 1206
-56, -217, 1144
-119, -383, 1011
-,-,-
-180, -231, 957
-180, -231, 957
-169, -261, 1140
-109, -295, 1151
-13, -229, 1252
89, 15, 1399
89, 756, 1534
140, 1049, 1493
314, 596, 1410
-,-,-
190, 114, 866
185, -126, 261
122, -736, 235
68, -1581, 814
64, -1998, 1069
114, -1998, 1079
70, -1681, 1138
-80, -954, 1061
-99, -500, 848
-4, -171, 781
-4, -171, 781
67, 4, 1092
162, 193, 1212
191, 414, 1230
175, 465, 1261
127, 280, 1139
58, 33, 1094
-,-,-
-194, -214, 824
-190, -299, 1161
-121, -336, 970
-86, -331, 974
-48, -325, 1154
36, -229, 1225
84, 175, 1439
63, 562, 1538
80, 545, 1648
-,-,-
-116, -1852, 653
-116, -1852, 653
-198, -1499, 1263
-205, -947, 921
-205, -553, 890
-205, -553, 890
-168, -343, 876
-96, -276, 805
-,-,-
91, 41, 1009
80, 0, 928
54, -56, 983
54, -56, 983
34, -101, 1052
128, -45, 1055
332, 205, 1134
602, 606, 1312
774, 1061, 1463
827, 1154, 1325
784, 990, 982
642, 744, 724
642, 744, 724
466, 303, 618
189, -464, 745
-171, -1497, 1143
-624, -1998, 1524
-841, -1859, 1505
-697, -1130, 1077
-404, -378, 663
-132, 169, 481
73, 507, 520
211, 646, 713
241, 646, 930
247, 605, 1027
247, 605, 1027
260, 552, 1042
-,-,-
42, 3, 934
42, 3, 934
83, 35, 955
98, 148, 1033
163, 224, 1065
290, 310, 998
290, 310, 998
398, 454, 1015
443, 631, 1143
467, 698, 1242
501, 698, 1152
469, 660, 999
435, 466, 858
268, 12, 806
268, 12, 806
-8, -629, 964
-231, -1305, 1196
-476, -1677, 1395
-631, -1546, 1394
-559, -1170, 1091
-374, -674, 844
-86, -194, 686
206, 226, 650
428, 574, 770
492, 714, 929
474, 703, 1093
474, 703, 1093
430, 666, 1113
-,-,-
115, -9, 994
131, -32, 973
136, -87, 903
136, -87, 903
108, -139, 926
56, -138, 1026
105, -50, 1093
259, 146, 1081
473, 456, 1123
673, 996, 1313
750, 1308, 1294
803, 1237, 972
803, 1237, 972
767, 868, 669
541, 218, 645
184, -637, 898
-165, -1415, 1170
-341, -1747, 1250
-440, -1711, 1195
-501, -1310, 1101
-324, -736, 888
-14, -185, 764
271, 278, 845
453, 584, 991
489, 655, 1075
424, 536, 1144
-,-,-
170, -67, 872
170, -67, 872
148, -55, 889
65, -28, 1066
53, 4, 1113
151, 84, 1037
151, 84, 1037
297, 270, 985
428, 605, 1101
557, 992, 1237
596, 1150, 1202
631, 1037, 992
549, 795, 783
426, 387, 736
426, 387, 736
244, -256, 835
61, -1002, 1027
-75, -1650, 1195
-275, -1996, 1386
-449, -1878, 1427
-403, -1218, 1241
-166, -526, 829
92, 47, 625
311, 451, 670
422, 660, 803
432, 689, 907
432, 689, 907
444, 608, 943
396, 455, 1009
-,-,-
141, -140, 932
171, -141, 826
166, -105, 869
172, 10, 992
256, 233, 1145
256, 233, 1145
451, 480, 1180
612, 727, 1203
674, 919, 1202
654, 950, 1146
594, 842, 1031
541, 502, 874
411, 80, 751
411, 80, 751
258, -286, 785
176, -864, 875
32, -1680, 1118
-258, -1998, 1476
-477, -1778, 1552
-371, -948, 1223
-143, -340, 735
75, -23, 507
228, 185, 594
299, 302, 737
340, 312, 808
340, 312, 808
368, 285, 938
369, 272, 1076
-,-,-
199, -127, 876
220, -94, 890
220, -94, 890
236, 17, 991
342, 188, 1068
526, 437, 1099
730, 798, 1186
822, 1067, 1182
808, 1040, 1042
714, 819, 846
714, 819, 846
593, 395, 681
405, -151, 637
199, -892, 818
-59, -1842, 1172
-450, -1998, 1627
-599, -1829, 1723
-411, -1026, 1266
-88, -366, 676
138, 16, 444
289, 212, 636
347, 264, 809
382, 326, 913
382, 326, 913
395, 406, 1020
385, 401, 1095
327, 320, 1125
296, 261, 1088
-,-,-
149, -38, 1001
201, -171, 876
178, -307, 801
98, -278, 934
71, -192, 1046
71, -192, 1046
183, 6, 1082
391, 314, 1043
625, 717, 1051
838, 1069, 1126
933, 1180, 1117
877, 999, 1009
714, 559, 909
504, 47, 826
504, 47, 826
304, -627, 799
30, -1352, 963
-246, -1890, 1281
-466, -1932, 1472
-445, -1362, 1379
-236, -612, 1006
8, -114, 677
210, 151, 601
305, 241, 761
344, 264, 928
344, 264, 928
363, 240, 1029
341, 177, 1104
317, 146, 1152
291, 128, 1123
258, 97, 1068
246, 47, 1003
-,-,-
243, -104, 931
243, -129, 907
243, -129, 907
244, -89, 909
232, 0, 1036
284, 193, 1143
425, 534, 1238
537, 873, 1274
526, 980, 1195
532, 762, 1043
532, 762, 1043
536, 320, 706
411, -253, 539
226, -1015, 706
-3, -1658, 1038
-243, -1817, 1300
-361, -1377, 1389
-240, -744, 1180
-38, -283, 841
140, -15, 755
255, 54, 832
292, 51, 951
292, 51, 951
271, 70, 1052
265, 167, 1100
281, 259, 1097
275, 256, 1064
252, 191, 1043
217, 112, 1019
207, 75, 996
-,-,-
176, -87, 914
236, -126, 800
176, -153, 861
150, -103, 998
170, -57, 1061
251, 23, 1065
251, 23, 1065
379, 177, 1057
587, 556, 1198
772, 1098, 1351
838, 1329, 1235
833, 1203, 990
761, 796, 684
588, 172, 491
588, 172, 491
336, -562, 557
81, -1309, 836
-144, -1927, 1145
-337, -1998, 1357
-501, -1912, 1424
-423, -1265, 1266
-92, -533, 989
272, 87, 828
554, 522, 848
665, 803, 989
652, 884, 1035
556, 751, 1018
424, 473, 1045
424, 473, 1045
306, 155, 1081
206, -83, 1100
-,-,-
143, -180, 1043
202, -145, 934
225, -135, 782
221, -97, 868
250, 57, 1076
334, 397, 1218
334, 397, 1218
484, 843, 1295
568, 1188, 1259
561, 1208, 1148
587, 1002, 898
590, 438, 521
465, -451, 512
311, -1615, 895
-1, -1998, 1419
-360, -1994, 1667
-400, -1420, 1422
-183, -610, 897
73, -104, 630
266, 189, 701
266, 189, 701
377, 362, 845
421, 476, 930
422, 527, 989
416, 536, 1069
357, 422, 1170
288, 266, 1200
-,-,-
247, -105, 883
218, -212, 876
218, -212, 876
193, -248, 912
161, -161, 1096
222, 10, 1183
362, 267, 1167
499, 580, 1196
579, 871, 1250
537, 965, 1253
499, 818, 1078
499, 818, 1078
483, 473, 710
362, -23, 577
227, -654, 722
98, -1261, 954
6, -1783, 1125
-207, -1832, 1349
-313, -1289, 1346
-138, -569, 1040
96, -49, 800
228, 166, 790
228, 166, 790
271, 276, 893
286, 379, 977
299, 483, 1012
-,-,-
126, -116, 1019
137, -95, 977
149, -149, 958
159, -139, 968
140, -84, 1028
186, 35, 1074
186, 35, 1074
292, 311, 1153
380, 734, 1270
406, 1112, 1274
438, 1171, 1077
483, 946, 770
472, 359, 567
414, -595, 620
231, -1591, 1058
-18, -1993, 1474
-206, -1962, 1504
-277, -1366, 1264
-164, -680, 898
-14, -260, 684
107, 0, 678
107, 0, 678
214, 304, 795
288, 579, 891
347, 745, 946
334, 706, 1000
334, 706, 1000
-,-,-
152, -151, 958
152, -151, 958
137, -151, 981
145, -164, 968
142, -173, 956
135, -141, 1014
207, 30, 1039
352, 303, 1081
473, 750, 1220
547, 1056, 1241
535, 1068, 1112
535, 1068, 1112
471, 896, 933
460, 483, 711
385, -215, 590
204, -1159, 858
-41, -1889, 1272
-255, -1998, 1483
-327, -1755, 1330
-229, -1049, 934
-29, -375, 673
184, 154, 644
326, 471, 757
372, 599, 902
372, 591, 1028
372, 591, 1028
335, 549, 1136
300, 434, 1182
-,-,-
112, -106, 964
92, -83, 954
92, -83, 1004
97, 11, 1004
165, 222, 1002
265, 561, 1024
423, 969, 1117
542, 1227, 1103
537, 1142, 1008
464, 721, 896
421, 70, 740
421, 70, 740
274, -735, 763
59, -1688, 1128
-204, -1998, 1495
-500, -1985, 1707
-398, -1265, 1356
-45, -247, 754
271, 301, 462
398, 383, 637
311, 343, 903
232, 379, 1033
232, 379, 1033
206, 479, 1053
230, 507, 1020
-,-,-
88, -130, 992
108, -142, 938
108, -142, 938
92, -110, 877
58, -45, 947
73, 86, 1046
224, 292, 1027
408, 644, 1072
506, 1080, 1208
506, 1080, 1208
524, 1312, 1160
528, 1215, 941
479, 798, 741
439, 9, 634
343, -986, 766
153, -1832, 1138
-107, -1998, 1501
-383, -1885, 1644
-356, -1086, 1353
-99, -317, 844
161, 103, 579
273, 307, 664
306, 442, 809
306, 442, 809
302, 530, 911
284, 509, 1014
253, 394, 1117
229, 201, 1150
-,-,-
150, -141, 984
122, -178, 951
115, -216, 934
133, -206, 893
122, -106, 969
196, 74, 1049
377, 369, 1156
377, 369, 1156
591, 829, 1290
700, 1244, 1289
688, 1302, 1090
624, 1067, 836
520, 614, 639
401, -103, 592
244, -1027, 825
65, -1817, 1182
-173, -1998, 1491
-356, -1879, 1549
-313, -1209, 1206
-67, -477, 767
174, 47, 591
331, 401, 700
331, 401, 700
384, 604, 846
384, 651, 945
359, 597, 1056
-,-,-
67, -235, 1076
129, -211, 876
143, -36, 881
142, 123, 957
215, 277, 1039
392, 518, 1089
578, 812, 1157
659, 1134, 1256
667, 1267, 1195
667, 1267, 1195
628, 1093, 990
556, 609, 769
440, -117, 567
281, -999, 727
-13, -1866, 1206
-371, -1998, 1650
-558, -1928, 1639
-470, -1211, 1204
-153, -461, 698
175, 60, 473
356, 374, 597
392, 576, 863
396, 707, 1018
396, 707, 1018
398, 704, 1048
338, 607, 1108
284, 440, 1140
-,-,-
220, -314, 864
200, -267, 856
177, -196, 960
243, -127, 931
338, -73, 902
338, -73, 902
452, 28, 992
578, 251, 1158
858, 683, 1384
1135, 1027, 1380
1205, 1155, 1390
1124, 1015, 1167
932, 663, 788
727, -117, 508
505, -1460, 584
103, -1998, 1286
-484, -1998, 1975
-618, -1873, 1882
-261, -846, 1017
233, 76, 187
555, 673, 84
555, 673, 84
579, 941, 570
532, 801, 957
484, 616, 1108
463, 487, 1181
429, 292, 1209
429, 292, 1209
366, 85, 1194
-,-,-
149, -206, 962
147, -77, 912
145, 24, 1126
215, 39, 970
215, 39, 970
337, 87, 965
470, 264, 1128
633, 651, 1369
713, 1002, 1359
725, 1126, 1140
667, 1014, 936
618, 733, 663
618, 733, 663
563, 286, 406
343, -553, 514
123, -1271, 975
4, -1856, 1240
-188, -1985, 1416
-371, -1691, 1458
-363, -1183, 1313
-203, -762, 1059
-21, -407, 853
130, -39, 794
219, 200, 790
222, 279, 829
222, 279, 829
180, 321, 930
169, 376, 1009
-,-,-
105, -215, 973
84, -154, 991
84, -154, 991
79, -105, 985
91, -26, 970
107, 58, 943
106, 155, 957
106, 155, 957
161, 267, 1029
258, 440, 1171
336, 692, 1270
405, 923, 1257
401, 1028, 1170
364, 902, 1013
296, 627, 938
252, 264, 894
252, 264, 894
309, -123, 765
294, -844, 754
164, -1797, 1061
-61, -1998, 1413
-229, -1998, 1391
-214, -1642, 973
-56, -740, 560
138, 0, 484
275, 395, 690
308, 635, 931
308, 635, 931
335, 782, 1067
342, 829, 1165
-,-,-
76, -173, 1046
104, -171, 997
123, -93, 958
123, -93, 958
122, -58, 979
131, 52, 1020
176, 234, 1085
251, 508, 1251
350, 873, 1397
391, 1179, 1447
386, 1203, 1339
381, 979, 1082
381, 979, 1082
361, 601, 847
305, -10, 770
278, -753, 818
155, -1634, 917
103, -1998, 1112
-52, -1955, 1153
-34, -1300, 718
131, -543, 287
219, -112, 301
203, 119, 640
203, 119, 640
199, 323, 949
230, 505, 1153
-,-,-
104, -109, 987
152, -13, 1057
195, 193, 1178
206, 433, 1284
261, 713, 1354
359, 1023, 1417
389, 1129, 1319
356, 1038, 1132
298, 818, 963
298, 818, 963
251, 445, 831
281, -100, 804
234, -853, 767
294, -1636, 847
161, -1998, 1124
7, -1909, 1196
40, -1222, 801
145, -634, 417
145, -634, 417
114, -138, 470
134, 233, 631
193, 495, 820
228, 671, 990
255, 771, 1076
255, 731, 1147
-,-,-
179, -212, 876
124, -115, 929
124, -115, 929
101, -12, 988
110, 116, 1072
167, 316, 1164
278, 564, 1192
326, 807, 1299
309, 1037, 1420
285, 1113, 1348
274, 1011, 1159
285, 788, 955
297, 447, 789
297, 447, 789
311, -71, 760
469, -1084, 750
465, -1976, 976
163, -1998, 1317
0, -1799, 1062
99, -885, 468
175, -184, 241
157, 188, 449
157, 188, 449
155, 345, 779
170, 509, 1011
261, 698, 1113
294, 796, 1174
267, 735, 1269
255, 524, 1279
241, 272, 1249
241, 272, 1249
-,-,-
146, -133, 1034
166, -7, 1054
209, 261, 1152
195, 695, 1332
195, 695, 1332
166, 1035, 1367
182, 1110, 1245
198, 1025, 1122
206, 843, 973
198, 546, 887
239, 104, 869
270, -436, 812
336, -1158, 812
346, -1893, 970
134, -1996, 1217
93, -1532, 1015
93, -1532, 1015
203, -817, 606
238, -305, 482
231, 15, 601
186, 235, 813
217, 433, 967
253, 619, 1060
253, 718, 1148
253, 718, 1148
-,-,-
101, -30, 929
101, -30, 929
82, 100, 1036
117, 302, 1111
197, 543, 1164
250, 704, 1262
252, 806, 1301
258, 821, 1189
257, 744, 1034
257, 744, 1034
261, 566, 900
296, 232, 815
359, -400, 749
388, -1325, 834
338, -1984, 1155
109, -1982, 1375
73, -1340, 1113
228, -529, 602
282, 76, 454
243, 377, 615
243, 377, 615
190, 418, 851
171, 439, 1021
199, 513, 1039
200, 568, 1061
-,-,-
193, 256, 1020
170, 582, 1171
108, 890, 1340
108, 890, 1340
43, 990, 1380
85, 906, 1218
168, 691, 981
254, 287, 813
312, -286, 801
344, -1123, 843
309, -1790, 1054
231, -1917, 1124
191, -1342, 888
223, -642, 623
223, -642, 623
219, -228, 505
154, -40, 638
88, 60, 832
104, 232, 925
127, 396, 994
127, 396, 994
115, 455, 1084
93, 442, 1194
-,-,-
123, -36, 1012
106, -53, 1049
109, 79, 1055
109, 79, 1055
125, 238, 1079
154, 398, 1140
150, 597, 1239
160, 801, 1265
213, 930, 1165
276, 897, 962
323, 652, 878
323, 652, 878
327, 224, 872
358, -315, 873
338, -989, 889
370, -1661, 1009
239, -1998, 1199
60, -1710, 1228
110, -966, 903
204, -399, 604
203, -27, 592
170, 152, 742
170, 152, 742
174, 217, 907
190, 300, 1008
238, 418, 1038
259, 474, 1067
232, 464, 1147
-,-,-
124, -103, 998
145, -86, 983
158, -25, 1005
170, 86, 1012
170, 86, 1012
170, 223, 1048
155, 349, 1129
140, 502, 1186
126, 698, 1220
150, 839, 1152
199, 823, 1047
250, 670, 952
250, 670, 952
269, 370, 906
296, -29, 893
317, -491, 857
333, -988, 923
305, -1448, 1059
202, -1540, 1190
160, -1215, 1053
234, -756, 840
243, -424, 752
186, -149, 815
186, -149, 815
158, 45, 882
134, 201, 938
-,-,-
73, -88, 932
73, -88, 932
68, 4, 1013
89, 155, 1029
107, 338, 1024
142, 543, 1081
142, 543, 1081
172, 694, 1168
170, 766, 1213
162, 758, 1167
191, 624, 1076
256, 380, 984
261, 22, 919
247, -350, 876
247, -350, 876
245, -820, 868
250, -1316, 896
213, -1670, 978
119, -1622, 976
118, -1127, 895
158, -625, 711
145, -153, 668
142, 192, 706
147, 378, 819
142, 484, 968
142, 484, 968
153, 537, 1102
-,-,-
113, 105, 987
116, 266, 1078
116, 266, 1078
152, 456, 1127
166, 640, 1221
156, 766, 1234
180, 799, 1137
199, 715, 1018
185, 503, 956
165, 224, 987
202, -99, 932
202, -99, 932
208, -408, 911
240, -844, 921
221, -1285, 977
220, -1440, 1070
215, -1324, 967
206, -920, 840
241, -566, 737
260, -303, 710
240, -79, 760
240, -79, 760
209, 67, 822
-,-,-
52, 179, 1043
121, 250, 966
172, 377, 1108
203, 529, 1175
234, 610, 1138
234, 610, 1138
262, 599, 1057
258, 490, 1012
260, 350, 1024
221, 147, 958
217, -4, 937
221, -228, 918
231, -487, 924
231, -487, 924
244, -773, 917
275, -1213, 910
202, -1608, 989
89, -1598, 999
62, -1020, 924
163, -552, 715
183, -249, 675
174, -96, 775
152, 47, 905
152, 47, 905
-,-,-
56, -13, 1064
56, -13, 1064
111, 108, 955
122, 220, 940
97, 323, 994
68, 405, 1086
73, 479, 1132
73, 479, 1132
111, 586, 1107
136, 648, 1066
142, 540, 1040
141, 322, 1075
156, 104, 1054
170, -114, 973
175, -361, 952
230, -659, 938
230, -659, 938
240, -1058, 939
140, -1236, 1034
118, -1047, 924
218, -767, 738
186, -603, 737
121, -360, 848
118, -85, 856
144, 141, 837
166, 309, 882
156, 441, 1001
156, 441, 1001
-,-,-
109, 452, 985
111, 512, 895
108, 548, 966
113, 536, 1026
97, 472, 1094
97, 472, 1094
118, 347, 1084
143, 204, 1022
144, 102, 1059
125, 64, 1045
165, 5, 985
199, -207, 942
199, -207, 942
193, -498, 988
260, -879, 969
305, -1386, 975
202, -1604, 1057
106, -1239, 933
161, -665, 748
187, -415, 662
122, -297, 756
91, -144, 862
-,-,-
78, -195, 1077
103, -199, 1014
144, -103, 917
110, 15, 965
102, 147, 1011
102, 147, 1011
109, 270, 1062
161, 440, 1056
188, 653, 1102
185, 791, 1098
204, 821, 1037
215, 676, 964
216, 400, 962
216, 400, 962
259, 18, 916
238, -345, 885
225, -705, 950
220, -1120, 968
213, -1428, 1069
126, -1365, 1126
69, -953, 1000
92, -539, 881
137, -316, 781
-,-,-
126, -5, 915
151, 27, 953
151, 27, 953
124, 42, 1005
110, 42, 1042
108, 105, 1086
151, 208, 1068
171, 310, 1063
162, 414, 1132
162, 414, 1132
139, 551, 1186
138, 642, 1149
160, 597, 1055
202, 421, 935
189, 199, 929
248, -177, 864
217, -522, 932
217, -522, 932
243, -864, 937
273, -1195, 954
233, -1344, 1006
135, -1079, 990
96, -587, 849
126, -253, 752
137, -213, 798
182, -249, 885
-,-,-
120, -123, 920
44, -124, 980
-9, -17, 1094
47, 188, 1039
82, 444, 1011
82, 444, 1011
132, 658, 1034
184, 823, 1044
210, 880, 1020
211, 800, 967
215, 573, 964
225, 237, 974
280, -58, 973
280, -58, 973
383, -525, 930
318, -1120, 1073
235, -1482, 1233
243, -1510, 1122
225, -1279, 957
142, -888, 890
117, -489, 809
130, -124, 789
167, 163, 764
194, 351, 799
194, 351, 799
205, 457, 884
183, 484, 971
167, 404, 1049
-,-,-
43, -289, 1101
111, -169, 1007
111, -169, 1007
152, -56, 911
120, 87, 946
86, 229, 1054
105, 414, 1104
170, 656, 1151
203, 802, 1146
179, 832, 1127
179, 832, 1127
154, 766, 1046
142, 616, 972
180, 428, 899
211, 172, 844
255, -230, 870
230, -759, 1035
279, -1233, 1039
350, -1600, 1010
203, -1627, 1145
107, -1120, 1049
141, -505, 784
152, -109, 694
152, -109, 694
134, 15, 773
-,-,-
26, -305, 968
26, -305, 968
34, -125, 1021
83, 91, 944
120, 284, 966
123, 472, 1106
135, 643, 1278
187, 738, 1246
187, 738, 1246
221, 754, 1154
199, 659, 1072
186, 490, 1022
195, 264, 963
216, -16, 893
203, -434, 890
233, -884, 960
201, -1318, 1036
151, -1486, 1033
65, -1170, 905
65, -1170, 905
93, -697, 692
138, -450, 642
119, -262, 757
130, -67, 888
186, 58, 970
176, 140, 1073
176, 140, 1073
152, 142, 1146
-,-,-
9, -224, 1002
9, -224, 1016
6, -158, 1016
38, -60, 980
84, 98, 963
124, 269, 1013
170, 456, 1102
170, 456, 1102
221, 647, 1152
240, 770, 1128
228, 760, 1070
201, 648, 1020
167, 442, 1008
175, 215, 988
231, -19, 915
261, -399, 943
261, -399, 943
288, -894, 1058
294, -1335, 1125
247, -1523, 1102
181, -1279, 991
156, -856, 807
160, -528, 723
153, -341, 768
153, -167, 842
155, 0, 912
171, 139, 977
171, 139, 977
-,-,-
90, 372, 927
90, 372, 927
145, 490, 939
171, 526, 972
174, 455, 1042
178, 292, 1051
181, 160, 1059
181, 160, 1059
187, 40, 1067
210, -80, 1028
226, -185, 1031
220, -307, 1042
209, -432, 1065
197, -482, 1038
198, -497, 983
219, -516, 939
202, -567, 939
184, -582, 937
184, -582, 937
171, -496, 903
178, -404, 872
-,-,-
88, -53, 961
71, 1, 1006
72, 141, 1070
139, 318, 1023
166, 456, 1036
166, 456, 1036
171, 422, 1082
179, 346, 1129
182, 280, 1160
172, 285, 1151
180, 306, 1098
185, 295, 1028
191, 238, 969
184, 102, 948
184, 102, 948
234, -127, 877
224, -400, 888
205, -705, 1018
181, -1004, 1065
163, -1110, 1037
147, -966, 938
113, -651, 834
114, -442, 763
109, -262, 757
146, -107, 773
146, -107, 773
168, -47, 851
167, 0, 947
179, 90, 1012
178, 122, 1094
-,-,-
-5, -76, 1076
-1, -21, 1045
112, 109, 918
112, 109, 918
102, 154, 945
74, 161, 1023
60, 206, 1104
139, 285, 1038
161, 329, 1016
136, 325, 1043
136, 325, 1043
144, 360, 1076
183, 369, 1105
182, 275, 1123
161, 172, 1123
136, 89, 1119
140, 16, 1096
170, -66, 1009
187, -221, 950
187, -221, 950
174, -465, 964
132, -646, 969
145, -729, 895
168, -770, 832
144, -753, 827
112, -692, 831
100, -490, 820
160, -292, 797
160, -292, 797
172, -208, 855
170, -155, 979
164, -90, 1067
131, 19, 1124
-,-,-
44, 127, 907
44, 127, 907
83, 269, 892
108, 357, 886
158, 396, 916
190, 388, 1066
190, 388, 1066
239, 375, 1175
285, 375, 1196
285, 402, 1199
278, 442, 1176
291, 389, 1100
284, 319, 1058
279, 193, 1005
261, -19, 961
261, -19, 961
252, -314, 938
213, -584, 976
198, -830, 1005
167, -1027, 996
152, -1142, 954
104, -1044, 893
75, -756, 786
76, -515, 679
103, -361, 676
103, -361, 676
138, -270, 746
178, -212, 854
223, -154, 956
229, -60, 1051
-,-,-
17, 50, 930
107, 215, 1018
202, 340, 1092
240, 416, 1216
230, 396, 1308
239, 359, 1341
239, 359, 1341
256, 299, 1287
241, 236, 1224
189, 202, 1182
139, 203, 1113
136, 254, 1017
131, 233, 944
138, 97, 865
138, 97, 865
136, -161, 845
94, -513, 890
50, -806, 975
76, -1047, 964
49, -1145, 1014
17, -992, 973
17, -992, 973
16, -666, 840
51, -413, 719
84, -282, 738
108, -201, 839
118, -97, 944
117, 5, 998
117, 5, 998
132, 137, 1005
144, 236, 1015
140, 287, 1062
121, 271, 1114
-,-,-
-8, 81, 993
83, 134, 930
82, 194, 971
82, 194, 971
114, 220, 978
129, 278, 1066
152, 336, 1141
163, 438, 1175
179, 521, 1127
169, 523, 1105
158, 451, 1090
158, 451, 1090
148, 338, 1080
124, 207, 1095
116, 81, 1036
144, -86, 972
119, -367, 988
90, -615, 1050
73, -763, 991
73, -763, 991
93, -790, 883
85, -778, 847
69, -734, 861
68, -679, 830
60, -579, 819
60, -579, 819
78, -433, 800
127, -307, 799
-,-,-
153, 202, 1105
180, 243, 1095
191, 295, 1069
209, 314, 1037
195, 305, 1058
205, 292, 1076
220, 302, 1081
220, 302, 1081
241, 295, 1056
240, 251, 1077
199, 187, 1125
175, 142, 1087
173, 115, 1013
177, 114, 927
174, -66, 910
174, -66, 960
149, -319, 960
122, -527, 991
107, -715, 1004
85, -870, 1001
62, -958, 1006
45, -945, 1009
32, -780, 978
55, -533, 866
55, -533, 866
86, -341, 810
105, -249, 840
133, -212, 909
121, -122, 995
141, 77, 993
192, 251, 926
192, 251, 926
209, 356, 937
221, 384, 995
199, 340, 1079
-,-,-
86, 94, 1008
135, 135, 989
140, 193, 1009
149, 242, 1047
149, 242, 1047
166, 287, 1095
205, 337, 1104
221, 367, 1108
212, 347, 1121
207, 311, 1101
185, 215, 1069
146, 107, 1078
136, 24, 1074
136, 24, 1074
142, -79, 1003
151, -139, 973
79, -282, 914
102, -380, 902
98, -500, 929
101, -611, 936
95, -714, 943
95, -714, 943
75, -744, 952
68, -683, 921
72, -557, 870
82, -444, 834
88, -374, 842
88, -374, 842
86, -299, 880
92, -219, 929
125, -155, 938
129, -122, 966
116, -80, 985
119, -49, 994
119, -49, 994
116, -11, 1009
135, 60, 1013
156, 122, 1042
151, 120, 1109
136, 113, 1131
-,-,-
149, 400, 927
136, 396, 956
136, 396, 956
127, 341, 980
128, 255, 1031
135, 165, 1032
147, 79, 1021
129, -16, 1033
116, -84, 1082
113, -94, 1059
113, -94, 1059
136, -113, 1018
130, -122, 1001
120, -176, 1012
106, -254, 1012
103, -312, 1039
140, -396, 977
133, -493, 982
113, -633, 1016
102, -707, 1007
101, -648, 972
116, -513, 912
97, -413, 894
97, -413, 894
105, -305, 865
124, -221, 869
135, -173, 917
132, -170, 974
119, -142, 1011
114, -82, 1012
119, -46, 982
111, -21, 979
111, -21, 979
100, -16, 992
93, 2, 1025
97, 25, 1044
110, 57, 1051
-,-,-
109, 327, 948
139, 375, 1029
142, 414, 1065
141, 391, 1076
148, 340, 1064
148, 340, 1064
155, 247, 1041
126, 103, 1040
108, -13, 1054
94, -92, 1036
108, -95, 1016
123, -144, 1004
105, -297, 995
74, -364, 1001
74, -364, 1001
83, -378, 1011
97, -437, 994
83, -481, 983
82, -487, 984
63, -498, 948
74, -409, 864
74, -409, 864
73, -316, 854
93, -257, 853
106, -218, 878
102, -171, 922
118, -120, 950
122, -77, 970
111, -53, 995
111, -53, 995
104, -68, 1009
-,-,-
70, 23, 1015
94, 32, 966
84, 90, 1023
81, 151, 1072
81, 151, 1072
91, 232, 1056
135, 358, 1035
159, 475, 1068
156, 576, 1084
146, 643, 1080
141, 676, 1051
150, 607, 984
150, 607, 984
171, 426, 930
157, 137, 918
149, -200, 941
155, -590, 977
142, -949, 1035
117, -1301, 1133
30, -1347, 1162
28, -984, 1016
75, -583, 853
75, -583, 853
111, -383, 790
110, -312, 837
110, -162, 917
136, 3, 929
134, 160, 963
-,-,-
43, 33, 1004
43, 33, 1004
66, 73, 1011
55, 117, 1002
55, 207, 1004
78, 302, 1043
78, 302, 1043
154, 399, 1044
189, 502, 1094
170, 567, 1125
139, 602, 1112
116, 609, 1042
128, 533, 983
152, 323, 938
152, 323, 938
120, 15, 924
100, -221, 960
161, -473, 954
110, -932, 971
130, -1252, 1056
76, -1339, 1091
64, -1142, 998
47, -780, 911
47, -780, 911
75, -462, 803
97, -264, 786
92, -105, 850
94, 35, 912
98, 202, 948
98, 202, 948
132, 342, 959
-,-,-
-236, 230, 973
-246, 276, 955
-222, 294, 975
-226, 317, 964
-204, 309, 918
-211, 410, 895
-221, 736, 880
-120, 969, 939
20, 1019, 960
20, 1019, 960
99, 908, 928
77, 736, 895
-4, 525, 834
-103, 261, 773
-103, 261, 773
-159, -5, 761
-169, -227, 853
-165, -363, 1001
-159, -482, 1191
-,-,-
-129, 183, 1008
-101, 183, 1037
-158, 183, 1026
-190, 146, 1031
-201, 136, 1021
-229, 163, 996
-229, 163, 996
-263, 324, 962
-289, 612, 917
-222, 845, 929
-130, 930, 877
-89, 898, 794
-56, 857, 810
-2, 715, 856
-2, 715, 856
27, 417, 876
40, 116, 928
74, -234, 1062
104, -615, 1239
108, -805, 1339
45, -829, 1300
45, -829, 1300
-55, -747, 1180
-114, -599, 1083
-162, -343, 1070
-150, -172, 1059
-136, 19, 985
-143, 238, 942
-82, 382, 941
-11, 468, 951
16, 498, 959
6, 498, 972
-,-,-
-61, 123, 1003
-79, 76, 950
-80, 34, 1003
-123, 66, 1032
-146, 148, 1016
-146, 148, 1016
-169, 224, 988
-202, 405, 961
-202, 648, 949
-120, 796, 971
-47, 829, 1003
-22, 742, 965
-33, 559, 855
-50, 340, 796
-50, 340, 796
-6, 119, 833
23, -83, 909
36, -303, 1033
50, -542, 1164
58, -734, 1291
50, -786, 1332
50, -786, 1332
0, -756, 1238
-62, -670, 1089
-106, -505, 981
-150, -249, 946
-176, 51, 965
-110, 327, 1012
-15, 518, 1058
31, 616, 1074
37, 626, 1061
37, 626, 1061
45, 575, 1036
22, 457, 1005
-,-,-
-139, 130, 952
-139, 130, 952
-148, 204, 979
-209, 371, 977
-203, 559, 1010
-127, 696, 1049
-45, 734, 1040
-35, 755, 999
-16, 686, 954
61, 547, 913
61, 547, 913
85, 410, 887
78, 221, 894
64, -107, 953
65, -404, 1082
104, -543, 1194
104, -543, 1194
105, -658, 1242
46, -757, 1219
-17, -765, 1166
-73, -695, 1072
-117, -583, 989
-123, -403, 961
-121, -195, 955
-137, 43, 967
-110, 229, 1021
-36, 364, 1085
37, 447, 1110
61, 488, 1087
-,-,-
-98, 1, 977
-77, 37, 938
-130, 141, 1015
-179, 331, 1007
-168, 573, 1036
-168, 573, 1036
-114, 759, 1055
-63, 803, 1069
-25, 772, 1081
15, 680, 1030
36, 549, 938
52, 381, 883
57, 182, 882
57, 182, 882
78, 15, 928
115, -261, 1010
148, -563, 1140
166, -753, 1283
130, -835, 1287
51, -876, 1192
-29, -835, 1080
-81, -722, 999
-81, -722, 999
-113, -503, 927
-128, -206, 887
-109, 59, 914
-44, 279, 989
-5, 429, 1053
4, 555, 1079
46, 577, 1093
-,-,-
-6, 47, 1023
-43, 137, 1036
-43, 137, 1036
-108, 226, 1039
-192, 403, 1033
-204, 622, 1077
-95, 751, 1094
-11, 795, 1075
-8, 782, 1049
-10, 686, 1019
76, 520, 968
76, 520, 968
135, 364, 924
146, 115, 934
146, -260, 993
185, -624, 1112
249, -773, 1227
228, -862, 1232
132, -938, 1134
53, -896, 1060
-17, -772, 1016
-17, -772, 1016
-37, -576, 978
-46, -321, 939
-49, -30, 942
-18, 190, 1003
-,-,-
-10, -40, 970
22, 27, 1031
22, 27, 1031
0, 85, 1024
-70, 250, 1001
-107, 375, 1003
-90, 500, 1055
-61, 598, 1068
0, 614, 1029
0, 614, 1029
45, 588, 1006
98, 494, 976
114, 336, 946
98, 124, 930
98, 124, 930
83, -146, 973
110, -359, 1077
151, -512, 1169
139, -662, 1184
86, -754, 1124
20, -746, 1065
-30, -676, 1007
-34, -524, 968
-28, -334, 966
-28, -334, 966
-36, -133, 987
-18, 47, 1011
16, 199, 1034
32, 341, 1059
46, 420, 1096
-,-,-
-37, -63, 1021
-37, -37, 955
-60, -11, 994
-96, 98, 996
-178, 333, 985
-178, 333, 985
-140, 559, 1000
-66, 701, 1009
-47, 800, 991
-41, 822, 985
-38, 746, 980
-47, 594, 929
-6, 346, 871
-6, 346, 871
112, 120, 890
199, -101, 1008
273, -450, 1187
265, -743, 1323
235, -863, 1355
151, -898, 1245
64, -846, 1124
5, -741, 1072
-,-,-
-70, -1, 1029
-26, 28, 1067
-65, 56, 1070
-65, 56, 1070
-90, 105, 1025
-150, 294, 1003
-176, 573, 988
-113, 793, 998
-3, 892, 979
29, 907, 966
29, 907, 966
21, 798, 929
64, 530, 872
136, 313, 875
141, 36, 946
141, 36, 946
118, -334, 1077
141, -637, 1211
169, -805, 1294
151, -870, 1281
92, -903, 1203
27, -853, 1121
-39, -752, 1020
-42, -565, 971
-46, -411, 930
-50, -212, 896
-50, -212, 896
-33, 18, 914
16, 224, 1008
101, 374, 1075
144, 424, 1130
-,-,-
-33, -16, 1013
-24, 22, 1036
-120, 170, 1002
-120, 170, 1002
-188, 414, 1013
-121, 659, 1046
-25, 795, 1037
24, 791, 985
38, 706, 966
51, 531, 963
56, 365, 931
56, 365, 931
74, 198, 903
60, -18, 888
75, -333, 964
130, -633, 1127
191, -762, 1277
191, -762, 1277
187, -803, 1267
102, -825, 1162
27, -795, 1060
-37, -699, 1005
-52, -527, 954
-74, -266, 930
-82, 36, 950
-29, 291, 1009
60, 483, 1082
60, 483, 1082
116, 604, 1111
142, 607, 1092
-,-,-
-92, 179, 989
-160, 430, 980
-126, 635, 1006
-69, 726, 996
-24, 742, 966
1, 689, 952
39, 603, 941
39, 603, 941
67, 530, 930
93, 388, 951
142, 215, 997
186, 32, 1007
186, 32, 1007
228, -99, 1075
244, -209, 1143
256, -397, 1242
221, -564, 1285
150, -684, 1234
56, -757, 1109
-23, -780, 1042
-68, -723, 1040
-68, -590, 1019
-78, -347, 977
-101, -45, 938
-101, -45, 938
-,-,-
27, -164, 964
58, -52, 1005
48, -32, 1052
-2, 56, 1024
-2, 56, 1024
-127, 216, 1016
-128, 468, 1022
-26, 772, 995
29, 974, 973
35, 1019, 958
47, 917, 963
47, 917, 963
80, 749, 990
144, 493, 976
181, 243, 956
168, -103, 981
168, -103, 981
169, -522, 1074
167, -788, 1218
130, -846, 1248
33, -863, 1140
-50, -806, 1031
-99, -707, 975
-99, -538, 973
-69, -343, 977
-69, -115, 963
-39, 107, 981
-39, 107, 981
32, 305, 1038
106, 434, 1075
152, 483, 1098
127, 480, 1104
-,-,-
46, -74, 994
27, 30, 1046
-50, 242, 1075
-50, 242, 1075
-81, 291, 1041
-98, 398, 1032
-74, 556, 1000
-38, 753, 978
17, 877, 961
63, 880, 960
63, 880, 960
111, 766, 983
112, 630, 990
162, 384, 954
263, 65, 974
274, -246, 1052
260, -612, 1207
260, -612, 1207
221, -900, 1277
107, -1033, 1250
15, -1016, 1094
-77, -912, 951
-112, -714, 899
-103, -427, 914
-91, -106, 946
-37, 191, 1001
70, 441, 1068
146, 554, 1134
-,-,-
15, -33, 1044
55, -25, 1044
42, 32, 1066
-35, 196, 1048
-134, 484, 1060
-127, 735, 1080
-127, 735, 1080
-61, 881, 1058
-22, 909, 1002
2, 845, 978
50, 675, 942
140, 425, 913
187, 152, 915
187, 152, 915
213, -189, 953
249, -545, 1076
301, -766, 1199
278, -835, 1212
179, -819, 1099
62, -748, 981
-15, -605, 917
-31, -414, 925
-15, -157, 962
-15, -157, 962
25, 78, 1002
45, 289, 1037
90, 368, 1033
-,-,-
-18, -38, 1076
18, -111, 974
10, -65, 968
33, -8, 989
11, 102, 968
11, 102, 968
-133, 435, 933
-188, 852, 996
-37, 1070, 1099
60, 1120, 1181
59, 971, 1126
-7, 715, 1008
40, 346, 940
40, 346, 940
187, 1, 957
283, -311, 1077
311, -603, 1162
287, -791, 1179
233, -894, 1126
159, -900, 1042
67, -811, 946
67, -811, 946
-21, -634, 874
-90, -408, 859
-85, -163, 914
-35, 55, 976
6, 273, 1021
52, 470, 1066
52, 470, 1066
85, 599, 1138
-,-,-
-60, 67, 1047
-35, 160, 971
-94, 301, 957
-127, 484, 940
-127, 484, 940
-101, 671, 950
6, 791, 944
41, 804, 946
-13, 758, 918
-58, 646, 904
-58, 646, 904
-19, 485, 892
28, 280, 911
88, 73, 973
160, -214, 1048
194, -520, 1138
216, -708, 1185
179, -763, 1183
179, -763, 1183
126, -853, 1125
58, -863, 1080
25, -739, 1027
8, -576, 960
-24, -330, 920
-32, -61, 935
5, 172, 1007
5, 172, 1007
-,-,-
-12, -16, 981
-44, 59, 1003
-60, 119, 1036
-107, 328, 1019
-181, 581, 1018
-83, 787, 1026
-83, 787, 1026
-8, 829, 1004
28, 786, 948
12, 697, 926
4, 515, 984
4, 515, 984
39, 345, 1034
77, 142, 1039
95, -129, 1017
34, -371, 1005
-39, -490, 1006
-38, -524, 1046
-40, -608, 1086
-28, -622, 1123
-28, -622, 1123
-15, -584, 1131
-31, -495, 1085
-49, -391, 1052
-,-,-
-107, 84, 1040
-132, 143, 996
-201, 310, 1009
-197, 662, 1012
-65, 874, 1026
33, 897, 1025
57, 798, 1019
-9, 702, 971
-9, 702, 971
-40, 652, 958
-13, 547, 957
32, 407, 970
91, 259, 1022
91, 259, 1022
135, 117, 1072
188, -111, 1112
239, -475, 1142
184, -825, 1238
89, -991, 1240
-20, -1020, 1110
-130, -988, 1000
-150, -851, 976
-,-,-
-223, 733, 1053
-156, 982, 1124
-48, 1017, 1110
47, 888, 1071
47, 888, 1071
82, 683, 1034
45, 472, 980
15, 298, 951
86, 51, 938
86, 51, 938
104, -145, 925
101, -277, 936
62, -391, 978
42, -540, 1077
6, -712, 1152
-46, -765, 1181
-46, -765, 1181
-94, -759, 1097
-133, -594, 1001
-151, -349, 986
-,-,-
-126, 117, 981
-49, 69, 1011
-10, 63, 1002
-30, 116, 976
-30, 116, 976
-59, 232, 952
-131, 446, 931
-141, 721, 933
-45, 933, 983
81, 1017, 1024
130, 952, 1010
130, 952, 1010
93, 784, 937
56, 533, 912
88, 224, 922
159, -50, 971
197, -370, 1077
187, -638, 1151
187, -638, 1151
153, -793, 1185
73, -883, 1178
-21, -874, 1180
-,-,-
56, 70, 1075
34, 182, 1075
-26, 192, 1011
-78, 265, 999
-78, 265, 999
-59, 319, 999
-51, 366, 983
-56, 487, 967
-15, 666, 983
81, 766, 987
81, 766, 987
156, 780, 986
156, 710, 993
121, 589, 993
107, 395, 969
124, 39, 968
124, 39, 968
186, -381, 1059
197, -709, 1206
140, -854, 1263
17, -951, 1170
-99, -967, 1079
-156, -841, 1011
-137, -664, 970
-85, -444, 928
-94, -235, 902
-117, -8, 929
-117, -8, 929
-53, 221, 1017
71, 411, 1086
165, 562, 1100
205, 626, 1119
189, 605, 1143
-,-,-
-45, 24, 959
-41, -73, 952
-34, -41, 954
-38, -4, 976
-42, 48, 990
-42, 48, 990
-78, 167, 1004
-180, 423, 995
-151, 806, 1068
11, 1072, 1165
152, 1096, 1207
172, 970, 1187
152, 758, 1135
216, 488, 1056
216, 488, 1056
202, 167, 974
138, -245, 937
39, -683, 934
-36, -924, 997
-80, -997, 1018
-131, -1002, 1004
-142, -915, 1026
-122, -773, 1041
-69, -588, 1032
-35, -363, 1012
-18, -149, 974
19, 63, 978
19, 63, 978
84, 258, 1029
131, 428, 1074
-,-,-
-39, -132, 1018
-39, -132, 1018
-43, -85, 1035
-56, 2, 1045
-105, 214, 1015
-155, 553, 1039
-66, 836, 1096
23, 985, 1108
79, 1010, 1067
102, 931, 1060
102, 931, 1060
161, 750, 1054
201, 438, 1015
184, 107, 1000
178, -315, 1007
117, -686, 1051
33, -869, 1069
-34, -914, 1004
-98, -882, 960
-149, -836, 970
-167, -802, 1018
-162, -705, 1064
-99, -529, 1042
-43, -330, 991
14, -138, 957
14, -138, 957
38, 90, 973
38, 333, 1005
113, 541, 1094
198, 711, 1198
204, 753, 1233
204, 753, 1233
-,-,-
-7, -107, 995
-7, -107, 995
-73, 36, 1029
-169, 244, 1018
-203, 528, 1059
-129, 742, 1101
-50, 852, 1068
-10, 885, 1021
12, 794, 1038
61, 622, 1073
61, 622, 1073
54, 415, 1075
74, 161, 1035
158, -215, 967
176, -566, 1012
146, -764, 1109
89, -912, 1128
-3, -1040, 1098
-88, -1040, 1034
-110, -903, 969
-96, -692, 911
-96, -692, 911
-92, -403, 876
-80, -105, 878
-79, 240, 915
9, 517, 1005
133, 697, 1124
200, 777, 1203
167, 744, 1179
167, 744, 1179
81, 643, 1098
13, 504, 1006
-24, 332, 925
-,-,-
-73, -48, 1017
-66, -15, 982
-58, 20, 1015
-102, 125, 1001
-222, 394, 969
-245, 754, 1034
-101, 996, 1118
25, 1050, 1146
61, 957, 1126
61, 957, 1126
28, 754, 1106
30, 502, 1078
104, 267, 1003
165, -11, 928
173, -259, 882
166, -460, 917
166, -460, 917
99, -646, 999
-5, -824, 1070
-74, -909, 1052
-123, -857, 994
-137, -750, 932
-103, -602, 900
-48, -429, 915
4, -254, 948
40, -98, 966
40, -98, 966
61, 30, 976
79, 170, 1026
104, 297, 1063
117, 388, 1096
-,-,-
-93, 159, 940
-93, 159, 940
-192, 389, 975
-160, 562, 1029
-49, 642, 1119
55, 611, 1158
76, 598, 1136
55, 656, 1068
55, 656, 1068
109, 652, 1071
219, 578, 1080
274, 443, 1007
222, 245, 912
144, 136, 843
143, -104, 920
141, -333, 1006
95, -513, 1078
95, -513, 1078
34, -576, 1092
-,-,-
-43, -71, 982
116, -87, 869
25, -82, 955
25, -82, 955
21, -125, 990
-1, -118, 1059
-25, -87, 1074
-26, -4, 1064
-116, 29, 1040
-218, 177, 1050
-165, 426, 1033
-165, 426, 1033
-107, 572, 1015
-82, 511, 960
-62, 357, 873
-57, 88, 801
-72, -230, 809
-9, -566, 926
80, -904, 1023
80, -904, 1023
71, -1145, 1103
34, -1134, 1236
18, -952, 1303
-28, -775, 1129
-16, -515, 908
-18, -217, 766
19, 51, 768
84, 181, 918
84, 181, 918
7, 132, 1034
-,-,-
7, -261, 939
7, -261, 939
153, -143, 909
88, -131, 960
-16, -191, 975
-59, -98, 1006
-92, 111, 1050
-77, 325, 1162
-40, 410, 1170
-40, 410, 1170
10, 364, 1038
-26, 254, 896
-74, 161, 850
-78, 5, 924
-83, -319, 993
-83, -319, 993
-172, -835, 1045
-240, -1171, 1125
-214, -1142, 1222
-108, -928, 1213
-22, -767, 841
-22, -591, 841
53, -289, 731
53, -60, 662
59, 82, 860
-,-,-
-6, -104, 935
12, -145, 970
46, -176, 982
-49, -245, 1023
-57, -252, 1020
-87, -217, 1076
-79, -130, 1070
-96, 6, 1006
-96, 6, 1006
-117, 253, 1074
-46, 495, 1141
-34, 448, 1085
-18, 265, 948
-61, 12, 812
-61, 12, 812
-91, -254, 906
-96, -553, 1077
-120, -997, 1093
-194, -1202, 1128
-78, -956, 1134
40, -636, 1038
52, -427, 873
32, -244, 783
89, -116, 732
2, -31, 753
2, -31, 753
-16, 59, 903
-7, 126, 950
7, 130, 964
7, 130, 964
-3, 69, 975
-,-,-
1, -160, 941
1, -160, 941
128, -145, 878
53, -205, 918
-22, -248, 927
-97, -208, 1012
-131, 5, 1180
-134, 217, 1260
-83, 341, 1073
-91, 500, 949
-91, 500, 949
-181, 551, 984
-161, 639, 1206
-179, 391, 1260
-177, -249, 1116
-364, -1278, 631
-15, -1402, 679
169, -1341, 815
365, -1078, 1056
374, -857, 1045
-20, -940, 806
-83, -632, 667
-166, -388, 662
-156, -180, 791
2, 140, 971
2, 140, 971
-60, 310, 1025
-138, 284, 1028
-114, 293, 1108
-124, 188, 1148
-148, 85, 1146
-,-,-
-7, -235, 987
140, -93, 928
153, -132, 885
5, -245, 929
-55, -261, 1027
-55, -261, 1027
-85, -218, 1087
-78, -146, 1050
-75, 1, 1000
-145, 273, 1001
-114, 628, 1142
-109, 739, 1212
-198, 568, 1085
-253, 374, 911
-197, 203, 848
-228, -147, 970
-390, -882, 1095
-255, -1555, 1070
-29, -1855, 1023
216, -1521, 822
220, -1049, 838
22, -863, 801
22, -863, 801
-64, -554, 712
-132, -243, 657
-149, -7, 742
53, 314, 963
-118, 289, 1145
-160, 218, 1160
-164, 150, 996
-141, 111, 943
-,-,-
-56, -297, 864
30, -175, 1036
135, -111, 917
42, -181, 945
13, -218, 1019
-61, -231, 1061
-105, -185, 1031
-128, 92, 1004
-123, 509, 1089
25, 838, 1183
-95, 728, 991
-95, 728, 991
-196, 548, 778
-148, 394, 731
-194, -35, 903
-374, -782, 1256
-312, -1428, 1343
-144, -1713, 1225
-35, -1552, 1070
63, -1209, 902
30, -884, 728
26, -467, 739
88, 59, 737
88, 59, 737
32, 320, 844
-37, 393, 948
-137, 432, 1061
-62, 416, 1071
-67, 333, 1067
-,-,-
10, -103, 884
55, -126, 778
182, -4, 741
65, 71, 986
-54, 211, 1177
-147, 467, 1322
-167, 696, 1336
-167, 696, 1336
-122, 918, 1381
21, 1017, 1260
79, 894, 946
62, 700, 681
-33, 433, 697
-172, -115, 830
-344, -1045, 908
-459, -1767, 1222
-324, -1978, 1262
-211, -1780, 1015
3, -1267, 710
135, -660, 561
251, -123, 561
251, -123, 561
204, 234, 771
99, 388, 895
-68, 420, 975
-123, 419, 1078
-114, 392, 1125
-,-,-
-83, -162, 983
146, -69, 947
85, -166, 907
85, -166, 907
-23, -222, 933
-9, -118, 1064
-64, -32, 1110
-81, 240, 1087
-24, 603, 1128
-75, 707, 1095
-153, 797, 1117
-23, 953, 1118
18, 899, 1002
18, 899, 1002
-72, 543, 871
-155, -106, 734
-163, -1015, 688
-89, -1671, 939
-279, -1996, 1333
-388, -1831, 1479
-134, -1118, 1149
87, -325, 831
212, 117, 681
55, 277, 757
13, 392, 932
13, 392, 932
-46, 411, 1012
-,-,-
62, -76, 917
122, -94, 889
122, -94, 889
7, -148, 950
7, -119, 1028
56, 42, 1046
82, 308, 1035
122, 580, 1043
122, 580, 1043
28, 565, 907
-116, 715, 838
-82, 1083, 898
110, 1289, 993
66, 916, 1004
-118, 37, 1066
-275, -1000, 1114
-479, -1449, 1389
-245, -1156, 1635
-96, -913, 1439
72, -718, 980
177, -428, 718
177, -428, 718
286, -202, 638
215, -175, 565
97, -233, 625
34, -191, 807
-,-,-
-200, -133, 1065
3, -12, 1118
155, 39, 940
72, -113, 874
43, -198, 904
0, -155, 1037
-39, 31, 1108
-39, 31, 1108
-18, 262, 1156
-75, 520, 1162
-111, 774, 992
-34, 960, 978
20, 925, 1007
-80, 643, 1110
-80, 643, 1110
-130, 269, 1028
-87, -114, 862
-30, -767, 763
-107, -1459, 1009
-2, -1704, 1309
48, -1770, 1204
64, -1509, 897
169, -973, 689
202, -426, 658
162, -61, 666
14, 203, 636
14, 203, 636
-21, 514, 801
-61, 634, 983
-111, 608, 1174
-113, 524, 1219
-76, 427, 1110
-,-,-
-124, -168, 1057
187, -37, 1009
176, -38, 937
115, -100, 906
47, -70, 1048
47, -70, 1048
-20, 127, 1151
-61, 481, 1140
-42, 782, 1130
70, 937, 1102
79, 888, 962
34, 729, 844
34, 729, 844
-71, 504, 925
-129, 137, 1113
-212, -437, 1113
-137, -924, 1101
-93, -1224, 1165
-62, -1445, 1205
-72, -1550, 1115
-16, -1440, 1014
11, -1166, 762
84, -711, 523
104, -183, 502
91, 182, 678
91, 182, 678
-62, 371, 825
-107, 622, 940
-100, 831, 1028
-134, 881, 1180
-,-,-
-56, -134, 1158
164, -1, 1018
164, -1, 1018
156, -30, 799
89, 5, 833
55, 131, 1054
-29, 214, 1134
-29, 214, 1134
-131, 270, 1105
-161, 514, 1091
-50, 945, 1144
79, 1119, 1096
22, 1013, 963
-97, 718, 807
-254, 248, 878
-230, -274, 1106
-350, -1003, 1163
-269, -1415, 1198
-224, -1643, 1299
-149, -1598, 1182
-74, -1242, 975
63, -802, 735
111, -391, 540
74, -6, 579
74, -6, 579
47, 346, 792
-24, 522, 873
-111, 586, 914
-111, 664, 950
-111, 664, 950
-17, 647, 939
0, 514, 917
-,-,-
-399, -112, 1102
333, 149, 1043
149, 66, 727
149, 66, 727
29, -124, 714
-14, -119, 1091
-93, 122, 1299
-77, 265, 1093
-91, 487, 970
-20, 878, 1111
35, 993, 1142
35, 993, 1142
-128, 837, 1019
-246, 543, 945
-304, 201, 880
-194, -85, 966
-274, -596, 1101
-349, -1197, 1215
-366, -1705, 1163
-230, -1874, 991
-79, -1591, 836
79, -1132, 661
139, -703, 519
156, -247, 510
35, 94, 606
35, 94, 606
-97, 351, 851
-184, 542, 1121
-173, 627, 1258
-174, 575, 1181
-115, 517, 1084
-80, 444, 1058
-136, 327, 1145
-,-,-
-72, -186, 939
-5, -66, 981
93, -6, 917
28, -45, 964
28, -45, 964
-18, -14, 1068
-69, 36, 1046
-119, 227, 988
-161, 564, 1060
-172, 873, 1261
-145, 995, 1289
-89, 901, 1102
-114, 619, 877
-114, 619, 877
-183, 147, 853
-227, -528, 942
-195, -949, 989
-186, -1262, 1175
-94, -1375, 1315
-42, -1395, 1185
-15, -1142, 866
114, -640, 662
211, -171, 544
134, 73, 547
-1, 318, 745
-102, 445, 942
-102, 445, 942
-173, 491, 1063
-192, 489, 1047
-189, 508, 944
-,-,-
-116, -107, 1036
5, -30, 971
5, -30, 971
36, 52, 948
-10, 152, 973
-131, 299, 1111
-147, 468, 1066
-276, 632, 988
-276, 632, 988
-296, 891, 1049
-136, 1096, 1138
-87, 1078, 1094
-119, 904, 943
-196, 606, 810
-235, 206, 803
-186, -313, 927
-198, -859, 1118
-373, -1550, 1287
-318, -1757, 1267
-53, -1414, 1174
-20, -1060, 1003
123, -743, 890
117, -492, 759
68, -157, 657
25, 254, 643
25, 254, 643
-58, 549, 798
-107, 639, 978
-95, 641, 1077
-37, 524, 1020
-50, 411, 900
-,-,-
-135, -218, 1054
34, -99, 1105
117, -33, 964
98, 12, 882
98, 12, 882
30, 152, 977
-83, 419, 1101
-161, 591, 1076
-223, 677, 991
-125, 888, 929
-125, 888, 929
-21, 1023, 857
-9, 994, 896
-110, 765, 940
-146, 429, 890
-170, -60, 782
-185, -515, 888
-98, -685, 1066
-23, -885, 1272
-117, -1429, 1327
-306, -1726, 1306
-342, -1305, 1210
-39, -588, 975
49, -128, 655
106, 123, 620
106, 123, 620
-10, 182, 774
-110, 235, 814
-128, 456, 867
-115, 622, 998
-36, 651, 1030
5, 577, 963
5, 577, 963
-19, 439, 937
-,-,-
-311, -106, 968
-162, 109, 1206
-32, 127, 1028
-64, -32, 876
-103, -48, 1020
-145, 3, 1082
-145, 3, 1082
-184, 168, 1069
-166, 359, 1131
-109, 619, 1091
-120, 890, 901
-158, 1082, 899
-146, 1133, 1008
-186, 909, 1034
-262, 577, 1008
-328, 201, 980
-256, -341, 1017
-177, -884, 1125
-242, -1409, 1241
-204, -1646, 1252
-100, -1562, 1092
-64, -1193, 986
70, -714, 787
169, -368, 573
188, -98, 439
109, 105, 440
109, 105, 440
-61, 372, 675
-152, 569, 901
-210, 673, 1021
-224, 691, 1054
-,-,-
-266, -71, 1043
-3, 47, 1073
-60, -67, 933
-84, -1, 893
-84, -1, 893
-60, 295, 1000
-93, 570, 1127
-216, 826, 1078
-247, 1068, 958
-175, 1206, 928
-155, 1142, 982
-201, 719, 892
-277, 205, 810
-268, -328, 873
-268, -328, 873
-288, -819, 1093
-319, -1304, 1294
-250, -1595, 1462
-132, -1430, 1106
-33, -881, 838
74, -291, 647
74, -291, 647
114, 108, 599
-37, 309, 748
-167, 485, 938
-239, 627, 1039
-256, 710, 1070
-,-,-
-155, -17, 1063
41, 79, 987
41, 79, 987
-5, 88, 905
-61, 180, 912
-96, 405, 1030
-140, 660, 1037
-194, 932, 1001
-194, 932, 1001
-250, 1190, 962
-231, 1251, 941
-241, 1112, 961
-218, 851, 1017
-306, 242, 984
-376, -570, 919
-278, -1214, 1055
-208, -1584, 1319
-190, -1750, 1340
-33, -1480, 1098
101, -1013, 873
174, -584, 651
156, -230, 458
1, 138, 541
-88, 465, 753
-217, 727, 946
-257, 892, 1002
-257, 892, 1002
-219, 985, 984
-149, 1021, 989
-83, 867, 1039
-120, 488, 1059
-,-,-
-297, -137, 1091
-90, 121, 1160
-23, 359, 1075
-33, 573, 1044
-120, 754, 1070
-120, 754, 1070
-262, 948, 1077
-319, 1107, 1086
-338, 1140, 1079
-286, 1041, 1015
-223, 873, 965
-178, 543, 850
-177, -110, 695
-222, -950, 676
-255, -1546, 934
-310, -1723, 1278
-222, -1558, 1320
-119, -1200, 1184
-53, -757, 892
34, -295, 632
-64, 156, 551
-120, 637, 756
-253, 924, 952
-261, 1069, 1041
-193, 1068, 999
-147, 965, 963
-,-,-
-242, 325, 1104
-19, 944, 1285
113, 981, 911
-39, 794, 664
-52, 688, 729
-52, 688, 729
-152, 574, 878
-191, 438, 1013
-189, 393, 1135
-60, 205, 1098
-69, -264, 1054
-107, -759, 1088
-151, -1338, 1107
-266, -1623, 1192
-186, -1408, 1176
-92, -882, 949
-4, -320, 686
5, 193, 591
-4, 529, 673
-4, 529, 673
-193, 687, 819
-249, 877, 954
-187, 918, 980
-136, 806, 884
-59, 693, 848
-24, 534, 937
-24, 534, 937
-,-,-
-71, -11, 968
-78, -1, 974
-6, 98, 988
-28, 181, 993
-28, 181, 993
-14, 281, 993
-44, 371, 1001
-118, 525, 1005
-162, 783, 1074
-158, 1003, 1091
-108, 1111, 1073
-82, 1045, 1010
-111, 829, 924
-138, 465, 907
-137, 15, 934
-146, -592, 983
-146, -592, 983
-187, -1252, 1060
-270, -1619, 1252
-128, -1122, 1161
42, -601, 822
42, -601, 822
138, -206, 482
86, 128, 392
-18, 453, 650
-111, 615, 896
-152, 640, 1003
-195, 670, 1047
-,-,-
-140, -66, 1160
20, 106, 1050
151, 159, 978
60, 198, 929
44, 410, 1060
44, 410, 1060
4, 558, 1146
-52, 730, 1119
-88, 899, 976
-34, 1133, 920
20, 1146, 917
20, 1146, 917
-10, 908, 910
-81, 489, 891
-110, -25, 876
-142, -504, 900
-165, -783, 1081
-185, -1056, 1285
-211, -1290, 1357
-116, -1439, 1216
-137, -1192, 1059
21, -751, 850
54, -323, 613
81, 123, 528
88, 541, 687
88, 541, 687
9, 648, 871
-107, 682, 994
-138, 706, 1013
-,-,-
-46, -301, 996
29, -246, 1078
29, -246, 1078
-3, -94, 1210
70, -34, 1048
110, -22, 864
105, 86, 858
-25, 279, 1009
-124, 565, 1280
-124, 565, 1280
-143, 647, 1343
-99, 520, 1142
-5, 344, 994
70, 43, 829
82, -222, 746
60, -444, 833
60, -444, 833
95, -694, 938
100, -1046, 997
37, -1176, 1048
29, -873, 1062
162, -373, 896
238, 12, 736
195, 140, 754
195, 140, 754
70, 249, 870
44, 366, 1068
2, 362, 1137
-39, 280, 1059
-,-,-
-44, -35, 1022
68, 5, 1010
49, -1, 962
49, -1, 962
5, 18, 954
-18, 104, 1039
-36, 253, 1068
-79, 361, 1040
-79, 361, 1040
-155, 599, 1123
-5, 808, 1054
69, 704, 899
-3, 387, 804
-86, -9, 810
-86, -9, 810
-152, -420, 895
-83, -853, 1040
-144, -1132, 1247
-153, -1109, 1290
-80, -817, 1181
-5, -437, 1023
40, -236, 845
-11, -120, 758
-24, 154, 874
-43, 348, 958
-34, 494, 976
-34, 494, 976
43, 524, 902
91, 413, 787
49, 293, 847
-73, 240, 997
-,-,-
-48, 26, 971
2, -11, 971
2, -11, 971
-49, -36, 921
69, 193, 988
82, 297, 1055
-73, 261, 1025
-174, 416, 1057
-194, 615, 1067
-194, 615, 1067
-128, 718, 1108
-152, 600, 1157
-132, 417, 1095
-86, 182, 978
-56, -98, 877
36, -445, 720
149, -854, 673
129, -1101, 857
27, -1202, 1120
-53, -1084, 1181
-49, -735, 955
7, -250, 772
7, -250, 772
90, 171, 785
4, 276, 890
-97, 304, 1002
-97, 304, 1002
-113, 358, 1042
-55, 350, 941
-16, 281, 909
-57, 251, 986
-,-,-
-15, -93, 973
-15, -93, 973
54, 44, 1016
-10, 245, 1118
58, 499, 1052
-52, 504, 787
-134, 583, 741
-134, 583, 741
-190, 704, 1037
-203, 690, 1143
-125, 651, 995
-102, 490, 924
-122, 2, 727
-94, -408, 709
-7, -683, 929
-11, -1053, 1130
-120, -1358, 1354
-222, -1242, 1460
-115, -716, 1278
13, -210, 940
81, 99, 746
81, 99, 746
4, 235, 806
-40, 383, 892
-103, 470, 941
-103, 470, 941
-120, 485, 945
-65, 417, 888
-67, 358, 819
-9, 343, 837
-,-,-
-70, -88, 981
-70, -88, 981
14, 10, 961
-20, 52, 955
78, 182, 947
78, 182, 947
-11, 186, 1003
-74, 278, 1055
-95, 469, 1084
-170, 801, 1044
-207, 1017, 1065
-316, 793, 1099
-390, 446, 1191
-277, 190, 1116
-123, -35, 958
34, -408, 741
168, -809, 616
168, -809, 616
153, -1084, 806
-16, -1120, 1138
-56, -932, 1169
-30, -561, 1080
-7, -292, 984
-18, -1, 986
6, 281, 974
-65, 430, 953
-65, 430, 953
-143, 463, 994
-95, 504, 938
18, 516, 833
43, 444, 777
13, 363, 818
13, 363, 818
-15, 314, 890
-53, 215, 949
-84, 110, 1027
-,-,-
-89, -56, 1141
60, 10, 1102
60, 10, 1102
82, 145, 1053
11, 354, 950
-49, 462, 913
12, 604, 898
12, 604, 898
85, 737, 881
64, 665, 800
-54, 691, 974
-102, 571, 1031
-102, 571, 1031
-94, 312, 989
-12, -125, 954
-3, -661, 1048
27, -1159, 1202
20, -1435, 1124
-140, -1188, 1159
-76, -571, 1124
-11, -139, 898
33, 145, 687
-12, 341, 724
-51, 446, 890
-51, 446, 890
-47, 374, 943
7, 238, 871
39, 138, 817
40, 147, 910
40, 147, 910
25, 130, 1062
-35, 58, 1166
-,-,-
-73, -193, 913
94, -42, 979
134, 118, 977
134, 118, 977
198, 179, 885
61, 304, 878
27, 594, 959
36, 759, 977
36, 759, 977
-34, 809, 974
16, 813, 916
-15, 373, 782
-24, -173, 796
-108, -667, 927
-170, -905, 1248
-222, -1046, 1466
-334, -1166, 1435
-280, -826, 1282
-109, -343, 954
36, 37, 661
36, 37, 661
117, 248, 586
7, 258, 752
-110, 102, 884
-86, 117, 935
-86, 117, 935
-47, 190, 991
-38, 157, 988
9, 108, 955
24, 37, 949
24, 37, 949
34, -16, 981
-,-,-
-58, 166, 1029
49, 350, 946
2, 432, 898
-83, 554, 892
-83, 554, 892
-172, 728, 969
-147, 862, 1013
-139, 739, 1006
-154, 518, 959
-173, 286, 791
-145, 17, 767
-33, -371, 882
-21, -878, 1044
-65, -1195, 1224
-143, -1097, 1340
-82, -704, 1262
41, -299, 1058
41, -299, 1058
113, -130, 888
52, -94, 774
11, 15, 871
-60, 105, 1027
-124, 84, 1050
-,-,-
-4, 30, 973
-4, 30, 973
54, 82, 940
71, 129, 991
20, -2, 1012
20, -2, 1012
-104, -82, 1029
-116, 93, 1090
-65, 559, 1096
-71, 952, 1112
-40, 1066, 1074
-165, 765, 1043
-224, 419, 1052
-220, 130, 1009
-131, -243, 942
-131, -243, 942
-64, -705, 916
-41, -1178, 866
27, -1308, 987
-27, -1228, 1115
-11, -989, 955
46, -583, 771
101, -166, 598
76, 182, 627
-12, 452, 860
-12, 452, 860
-180, 433, 1053
-230, 377, 1129
-129, 350, 1049
-96, 294, 945
-44, 246, 1007
-,-,-
-24, -112, 985
57, -100, 964
32, -135, 836
58, -21, 880
58, -21, 880
60, 45, 959
-13, 158, 1080
-75, 268, 1081
-75, 310, 939
-79, 489, 871
-79, 489, 871
-103, 812, 1008
-186, 894, 1264
-287, 697, 1414
-306, 364, 1332
-294, 84, 1172
-111, -188, 944
45, -566, 733
105, -926, 716
49, -1098, 846
12, -1074, 941
12, -1074, 941
82, -913, 1015
72, -835, 885
45, -702, 687
45, -384, 563
30, 98, 832
-108, 264, 1043
-108, 264, 1043
-156, 288, 1031
-128, 418, 980
-65, 512, 945
-22, 463, 904
-36, 315, 944
-82, 161, 1070
-154, 86, 1184
-,-,-
-78, -185, 903
-18, -121, 992
97, 54, 1024
101, 111, 925
28, 199, 849
28, 199, 849
-193, 363, 844
-314, 693, 982
-251, 926, 1250
-152, 786, 1205
-133, 495, 872
-105, 244, 712
-165, -108, 787
-125, -383, 963
41, -660, 1102
41, -660, 1102
79, -1243, 1053
-53, -1599, 1109
-126, -1368, 1173
-14, -759, 980
58, -177, 785
99, 120, 718
-20, 191, 824
-162, 186, 973
-216, 182, 1081
-241, 188, 1104
-151, 244, 995
-151, 244, 995
-35, 302, 876
-47, 280, 950
-99, 178, 1124
-,-,-
-41, 15, 965
-41, 15, 965
76, 165, 882
-21, 94, 880
-45, 104, 974
-147, 209, 1053
-147, 209, 1053
-227, 417, 1037
-274, 706, 1038
-304, 771, 1132
-324, 635, 1172
-317, 493, 1114
-314, 416, 1061
-275, 108, 949
-134, -505, 695
28, -1056, 729
-1, -1362, 997
-66, -1346, 1212
7, -1150, 1151
85, -866, 882
175, -508, 629
175, -508, 629
158, -231, 549
96, -55, 704
-112, -18, 931
-204, 92, 1071
-161, 223, 1118
-115, 275, 1110
-,-,-
-153, -202, 962
39, -28, 1034
39, -28, 1034
-10, 67, 1007
47, 192, 966
0, 179, 1005
-80, 151, 957
-149, 362, 1050
-97, 624, 1170
-97, 624, 1170
-31, 644, 1024
-47, 555, 889
-119, 435, 740
-135, 278, 805
-227, -103, 1047
-188, -520, 1073
-74, -935, 905
-86, -1106, 905
-159, -959, 1120
-158, -721, 1240
-79, -513, 1128
-20, -318, 882
40, -192, 746
40, -192, 746
37, -191, 764
12, -328, 1033
-111, -515, 1233
-208, -445, 1257
-164, -194, 1146
-113, 101, 1040
-33, 281, 1012
41, 308, 896
-,-,-
-104, -71, 1016
-33, -58, 982
-33, -58, 982
-123, -162, 951
-36, -159, 968
-15, -103, 1026
-37, -80, 1097
-11, -115, 1062
-46, 23, 1024
-97, 460, 1003
-172, 1052, 966
-151, 1310, 942
-104, 1066, 915
-272, 520, 922
-272, 520, 922
-311, 32, 1003
-321, -486, 951
-147, -1051, 943
18, -1556, 998
-71, -1689, 1189
-53, -1386, 1175
164, -795, 977
287, -442, 593
328, -247, 350
228, -73, 481
59, -13, 745
59, -13, 745
-121, 13, 952
-269, 87, 1180
-,-,-
-65, -78, 880
106, 240, 869
106, 240, 869
14, 507, 976
-177, 625, 996
-287, 714, 990
-386, 778, 1113
-371, 795, 1189
-339, 669, 1132
-331, 386, 1085
-178, -106, 907
-74, -878, 793
53, -1485, 980
53, -1485, 980
48, -1678, 1187
12, -1547, 1168
199, -1038, 1048
212, -589, 780
186, -284, 542
112, 0, 562
35, 194, 735
-46, 263, 957
-,-,-
15, -185, 932
-49, -236, 995
79, -71, 1030
80, 20, 958
72, 127, 897
3, 264, 855
3, 264, 855
-105, 442, 886
-227, 659, 1085
-247, 903, 1190
-276, 954, 1156
-247, 854, 1064
-216, 647, 1045
-212, 248, 1017
-256, -351, 973
-193, -1120, 1040
54, -1485, 1165
37, -1605, 1182
1, -1543, 1206
1, -1543, 1206
132, -1142, 1084
141, -732, 776
182, -346, 526
180, -51, 472
116, 140, 583
-13, 309, 765
-94, 454, 932
-94, 454, 932
-108, 474, 970
-49, 423, 974
-52, 317, 1011
-,-,-
-36, -250, 787
67, -87, 1058
50, -91, 1005
94, -18, 922
94, -18, 922
97, 146, 927
-31, 283, 999
-91, 404, 1052
-179, 620, 1008
-219, 876, 982
-201, 1085, 1091
-171, 1063, 1173
-220, 815, 1214
-257, 366, 1089
-214, -204, 851
-214, -204, 851
-54, -848, 720
-91, -1359, 897
-66, -1619, 1215
-9, -1637, 1212
85, -1394, 1033
171, -987, 780
172, -582, 505
161, -190, 410
136, 85, 509
17, 193, 676
17, 193, 676
-150, 265, 840
-,-,-
-175, -272, 884
-76, -104, 1141
-15, 60, 945
64, 162, 811
64, 162, 811
-30, 312, 983
-218, 490, 1135
-277, 595, 1126
-253, 694, 1177
-185, 768, 1174
-190, 776, 1158
-193, 682, 1149
-221, 349, 1092
-173, -171, 916
-104, -892, 787
-35, -1323, 939
57, -1504, 1067
0, -1504, 1019
0, -1454, 1019
34, -1076, 912
172, -558, 809
210, -280, 624
120, -87, 563
1, 35, 734
1, 35, 734
-6, -39, 938
-65, -299, 898
-166, -342, 1053
-137, -179, 1222
-22, -37, 1025
98, 64, 740
98, 64, 740
105, 212, 613
-,-,-
-53, -304, 969
2, -144, 1037
87, -35, 936
44, 13, 865
44, 13, 870
97, 122, 870
44, 197, 895
20, 384, 830
12, 823, 887
12, 823, 887
25, 1090, 943
-203, 928, 1090
-230, 753, 1105
-212, 469, 1067
-254, 124, 1085
-162, -587, 929
171, -1480, 781
128, -1988, 938
-142, -1925, 1245
15, -1396, 1241
59, -913, 905
142, -554, 645
142, -554, 645
151, -221, 592
-8, 34, 641
-90, 309, 850
-207, 446, 1002
-198, 480, 1038
-177, 474, 1057
-125, 462, 1030
-111, 393, 954
-111, 393, 954
-,-,-
-256, -310, 668
47, -94, 1149
49, -70, 878
28, -88, 811
22, -16, 948
22, -16, 948
-100, 71, 1080
-184, 241, 1132
-220, 571, 1035
-232, 1064, 864
-169, 1404, 870
-131, 1343, 948
-253, 825, 1040
-412, 66, 1104
-434, -702, 1057
-206, -1165, 1033
23, -1589, 1049
-45, -1829, 1265
-68, -1693, 1289
56, -1054, 1030
160, -481, 607
174, -100, 339
174, -100, 339
91, 162, 499
-9, 283, 814
-188, 314, 995
-240, 316, 1024
-183, 305, 1006
-77, 269, 973
-57, 238, 1086
-57, 238, 1086
-,-,-
-130, -129, 993
4, 31, 1067
5, 103, 1154
5, 103, 1154
76, 210, 978
-8, 382, 915
-140, 658, 892
-135, 1138, 922
8, 1491, 974
8, 1491, 974
8, 1156, 907
-224, 408, 829
-318, -225, 1018
-348, -1061, 1192
-234, -1471, 1356
-171, -1703, 1341
-169, -1712, 1274
-176, -1299, 1113
-68, -757, 902
33, -351, 646
63, -159, 464
-41, 51, 542
-160, 221, 746
-160, 221, 746
-197, 349, 852
-162, 383, 843
-130, 399, 867
-49, 376, 891
-,-,-
-124, -119, 999
-33, 50, 1049
-19, 24, 884
-37, 70, 875
-37, 70, 875
-62, 172, 995
-158, 237, 1007
-248, 411, 1018
-210, 797, 1075
-125, 1137, 1084
-154, 1221, 1046
-170, 1014, 903
-206, 555, 701
-166, 75, 754
-254, -685, 933
-252, -1402, 1100
-233, -1675, 1324
-204, -1488, 1402
-115, -1088, 1199
-59, -629, 905
57, -191, 691
108, 72, 558
108, 72, 558
-7, 138, 554
-98, 221, 743
-168, 326, 884
-156, 392, 915
-93, 421, 913
-93, 421, 913
-,-,-
-89, 236, 939
-119, 454, 900
-169, 734, 887
-246, 942, 920
-333, 1032, 1085
-362, 921, 1206
-320, 728, 1133
-324, 400, 1016
-273, 177, 866
-273, 177, 866
-183, -68, 788
4, -607, 760
121, -1319, 897
108, -1832, 1262
-346, -1965, 1527
-265, -1335, 1284
-79, -466, 815
154, 135, 473
132, 362, 446
-64, 386, 625
-153, 451, 839
-153, 451, 839
-219, 469, 988
-284, 388, 997
-90, 359, 927
-35, 301, 939
-32, 129, 1047
-,-,-
-35, -37, 836
-35, -37, 836
55, 16, 880
-77, 10, 1029
-131, 14, 1096
-130, 46, 1091
-102, 132, 1021
-101, 324, 951
-101, 324, 951
-144, 544, 877
-256, 945, 963
-294, 1278, 1145
-303, 1149, 1233
-331, 677, 1208
-334, 52, 1044
-318, -467, 942
-205, -969, 991
41, -1382, 972
31, -1610, 997
15, -1606, 1101
88, -1284, 900
136, -879, 600
136, -879, 600
151, -537, 365
41, -191, 393
-37, 140, 607
-186, 419, 911
-308, 603, 1142
-284, 646, 1183
-237, 663, 1173
-136, 600, 1100
-,-,-
-56, -19, 985
13, 87, 886
53, 51, 902
53, 51, 902
-76, -42, 1003
-175, -28, 1082
-228, 105, 1058
-180, 485, 1010
-215, 910, 946
-207, 1228, 1088
-184, 1177, 1169
-286, 804, 1145
-351, 370, 1090
-303, -21, 1046
-276, -503, 978
-251, -1010, 1012
-152, -1277, 1154
-85, -1380, 1232
-54, -1498, 1087
16, -1301, 861
95, -896, 630
159, -536, 474
159, -536, 474
157, -375, 395
0, -190, 492
-102, 24, 715
-212, 253, 984
-285, 414, 1096
-310, 564, 1110
-204, 691, 1072
-106, 695, 1031
-,-,-
-184, -178, 1069
-73, -76, 979
-23, -59, 936
-72, -14, 952
-143, 149, 1068
-165, 359, 1126
-165, 359, 1126
-219, 542, 1048
-355, 770, 931
-332, 1136, 976
-249, 1279, 1105
-244, 922, 1071
-334, 234, 865
-326, -370, 683
-264, -924, 690
-86, -1061, 957
549, -671, 615
294, -1347, 1046
-142, -1706, 899
34, -1210, 861
107, -687, 804
-48, -475, 635
-109, -203, 664
-109, -203, 664
-79, 170, 877
-50, 394, 1040
-86, 366, 961
-132, 274, 840
-79, 291, 949
-73, 219, 1024
-77, 160, 1051
-82, 149, 1074
-82, 149, 1074
-,-,-
-20, -38, 1072
28, 16, 925
23, -61, 827
23, -61, 827
17, -27, 942
-42, 40, 1070
-171, 118, 1083
-161, 325, 1075
-138, 597, 950
-147, 824, 955
-212, 924, 1098
-299, 896, 1286
-299, 896, 1286
-313, 699, 1320
-304, 327, 1136
-259, -59, 981
-145, -662, 860
-20, -1170, 825
182, -1592, 881
119, -1846, 1050
83, -1890, 1074
-69, -1423, 941
-49, -825, 721
22, -221, 611
122, 61, 567
-1, 165, 634
-1, 165, 634
-137, 294, 738
-202, 431, 792
-188, 498, 818
-154, 527, 911
-109, 539, 1032
-,-,-
-120, 41, 1185
-93, 115, 1140
-30, 120, 1000
-53, 152, 984
-69, 293, 1063
-69, 293, 1063
-98, 411, 1075
-235, 390, 924
-321, 498, 926
-277, 786, 1019
-220, 986, 1063
-195, 1049, 1025
-214, 915, 910
-279, 524, 923
-316, -208, 925
-379, -1164, 945
-288, -1576, 1275
-182, -1689, 1358
-102, -1559, 1133
76, -1135, 969
192, -713, 745
178, -511, 493
140, -372, 428
140, -372, 428
18, -256, 516
-136, -26, 687
-143, 222, 938
-136, 341, 1100
-114, 336, 1049
-163, 296, 965
-143, 380, 1014
-73, 422, 1036
-33, 336, 1048
-,-,-
-171, -200, 1009
-2, 7, 1064
73, 13, 979
-20, -15, 794
-20, -15, 794
-22, 202, 878
-108, 466, 1076
-227, 726, 1006
-208, 905, 868
-174, 1025, 855
-249, 1071, 1031
-288, 922, 1134
-291, 565, 1152
-311, -35, 1018
-291, -498, 854
-156, -790, 877
55, -1068, 986
185, -1399, 1159
13, -1723, 1354
13, -1723, 1354
-142, -1614, 1331
13, -1005, 1020
129, -560, 666
196, -251, 447
113, 13, 449
-36, 263, 625
-160, 493, 782
-267, 606, 874
-322, 668, 994
-204, 764, 1135
-113, 709, 1186
-,-,-
-131, -245, 924
-174, -121, 906
-95, 149, 1070
-35, 365, 984
-115, 557, 819
-115, 557, 819
-217, 780, 806
-426, 1019, 953
-483, 1270, 1133
-331, 1328, 1294
-319, 915, 1232
-426, 312, 1164
-414, -201, 1201
-297, -471, 1213
-186, -737, 1152
-20, -1095, 1087
219, -1459, 953
277, -1603, 745
257, -1434, 601
261, -1030, 559
206, -702, 489
124, -429, 421
-17, -121, 465
-201, 236, 699
-369, 507, 1046
-,-,-
-65, 39, 1027
-65, 39, 1027
-27, 36, 926
-85, 21, 881
-47, 76, 874
-99, 128, 900
-99, 128, 900
-202, 247, 950
-309, 485, 996
-437, 877, 976
-374, 1153, 1105
-319, 1175, 1229
-383, 959, 1233
-438, 731, 1100
-342, 301, 1019
-322, -491, 959
-139, -1305, 991
-140, -1814, 1192
-243, -1819, 1231
-1, -1416, 1002
165, -1000, 705
240, -716, 477
268, -498, 345
189, -268, 288
189, -268, 288
63, -10, 416
-131, 222, 665
-302, 466, 1014
-287, 570, 1296
-,-,-
-107, -96, 840
63, 17, 919
22, 136, 869
22, 136, 869
-30, 333, 881
-154, 537, 1096
-369, 640, 1210
-646, 785, 1301
-640, 991, 1397
-479, 1189, 1373
-373, 1152, 1229
-388, 861, 1063
-378, 451, 952
-365, -47, 917
-365, -47, 917
-275, -416, 986
-157, -793, 968
-50, -1163, 865
190, -1391, 715
337, -1423, 679
269, -1298, 679
307, -1057, 640
268, -739, 579
207, -472, 464
66, -236, 456
-159, 86, 656
-322, 505, 1144
-322, 505, 1144
-326, 707, 1420
-,-,-
-45, 168, 1021
-45, 168, 1021
-9, 261, 1076
-81, 285, 973
-166, 422, 955
-267, 604, 1060
-305, 725, 1022
-287, 801, 888
-253, 966, 854
-242, 1097, 951
-320, 860, 1046
-320, 860, 1046
-382, 362, 1044
-378, -127, 1025
-283, -485, 975
-107, -809, 880
-83, -1034, 870
68, -1156, 955
111, -1155, 1071
140, -1075, 994
207, -931, 861
204, -808, 713
175, -585, 659
70, -325, 666
27, -14, 769
27, -14, 769
-49, 181, 1039
-131, 236, 1221
-90, 234, 1083
-136, 245, 830
-134, 393, 828
-109, 520, 1005
-,-,-
-46, -67, 906
44, 5, 893
44, 5, 893
-6, 107, 941
-111, 248, 972
-299, 488, 983
-419, 830, 1075
-364, 1146, 1178
-171, 1236, 1189
-141, 1023, 951
-248, 681, 758
-248, 681, 758
-288, 348, 744
-273, -31, 890
-284, -313, 1168
-130, -594, 1309
-27, -1198, 1192
-9, -1594, 1155
-81, -1483, 1249
55, -1044, 1145
255, -632, 806
309, -397, 528
224, -274, 426
68, -108, 551
-30, 67, 755
-30, 67, 755
-138, 190, 996
-192, 272, 1092
-185, 379, 1121
-149, 484, 1129
-,-,-
-98, 6, 1115
-41, 124, 1014
-25, 239, 1028
-148, 326, 986
-312, 493, 991
-324, 742, 1062
-324, 742, 1062
-239, 1047, 1160
-265, 1147, 1150
-367, 1114, 1201
-310, 927, 1171
-332, 432, 1038
-363, -419, 886
-308, -1216, 886
-75, -1632, 1045
12, -1804, 1150
116, -1973, 1096
239, -1968, 859
298, -1506, 525
176, -851, 282
59, -178, 297
-25, 417, 493
-88, 820, 833
-106, 955, 1087
-140, 856, 1189
-196, 660, 1110
-,-,-
-21, 34, 1074
6, 22, 1089
64, -12, 1019
67, -64, 983
74, -38, 988
74, -38, 988
65, 13, 1000
36, 107, 1054
55, 260, 1023
91, 508, 909
91, 508, 909
53, 785, 961
-23, 945, 1005
-80, 911, 935
-68, 722, 852
-71, 387, 861
-71, 387, 861
-18, 88, 934
52, -254, 1037
119, -736, 1104
141, -1231, 1215
137, -1394, 1268
127, -1404, 1219
89, -1352, 1113
58, -1154, 957
33, -866, 771
22, -519, 678
22, -519, 678
53, -134, 698
48, 262, 855
-54, 598, 1106
-79, 716, 1173
-,-,-
37, -68, 989
4, -104, 982
23, -33, 1039
56, 167, 1031
70, 413, 1041
50, 639, 1075
50, 639, 1075
21, 751, 1039
16, 753, 941
-7, 681, 890
-37, 524, 865
-37, 524, 865
-55, 311, 878
-50, 95, 894
-22, -302, 971
-1, -670, 1067
25, -933, 1171
12, -1242, 1228
-3, -1362, 1224
-28, -1244, 1106
-47, -923, 965
-47, -923, 965
-28, -558, 852
11, -177, 873
-26, 171, 1040
-70, 383, 1080
-,-,-
41, 79, 1032
30, 85, 1005
53, 79, 1027
71, 38, 956
71, 38, 956
61, 120, 957
68, 277, 1055
65, 449, 1051
36, 701, 977
36, 701, 977
-4, 942, 1027
-46, 976, 995
-43, 794, 877
-46, 578, 799
-67, 277, 818
-67, 277, 818
-46, -35, 850
-6, -289, 942
11, -633, 1046
74, -930, 1115
90, -1246, 1135
60, -1438, 1117
35, -1349, 1045
4, -1085, 976
4, -1085, 976
-29, -806, 889
-78, -480, 897
-73, -176, 926
-68, 26, 956
-88, 222, 1033
-91, 377, 1075
-67, 480, 1074
-,-,-
68, 26, 878
52, 132, 920
35, 192, 1051
11, 217, 1066
39, 310, 1014
39, 310, 1014
71, 470, 992
72, 639, 953
73, 818, 904
49, 948, 880
49, 948, 880
-18, 926, 881
-53, 672, 891
-89, 313, 896
-74, 0, 910
-74, 0, 910
-52, -228, 935
-27, -452, 1004
-12, -773, 1068
-10, -1082, 1081
-2, -1226, 1074
-45, -1203, 1071
-97, -1069, 1058
-140, -904, 1036
-157, -723, 977
-137, -546, 946
-100, -337, 951
-98, -130, 1031
-106, 35, 1065
-82, 203, 1087
-82, 203, 1087
-,-,-
63, 328, 1129
116, 446, 1083
65, 544, 1022
84, 523, 925
87, 424, 906
87, 424, 906
108, 323, 881
91, 317, 885
84, 401, 899
40, 493, 934
40, 493, 934
24, 467, 910
-3, 306, 901
-62, 156, 924
-79, 62, 962
-79, 62, 962
-103, -173, 1037
-82, -411, 1128
-43, -599, 1156
4, -664, 1110
36, -697, 1077
43, -858, 1178
8, -987, 1156
-,-,-
47, 85, 1023
31, 53, 938
28, 188, 992
39, 336, 1003
39, 336, 1003
72, 564, 958
77, 806, 966
35, 852, 974
-42, 755, 994
-42, 755, 994
-90, 689, 980
-60, 475, 895
-22, 161, 865
25, -255, 886
60, -619, 941
60, -619, 941
77, -829, 1038
66, -1045, 1134
47, -1228, 1114
17, -1180, 1026
-7, -1018, 981
-46, -905, 987
-57, -689, 974
-53, -380, 947
-92, -163, 972
-132, -8, 1068
-132, -8, 1068
-116, 211, 1139
-70, 453, 1141
-13, 615, 1081
44, 623, 1038
90, 557, 1023
121, 392, 1017
144, 241, 925
-,-,-
152, 13, 839
151, 158, 918
97, 255, 1034
71, 394, 1088
71, 394, 1088
28, 512, 1034
11, 569, 999
10, 593, 980
4, 567, 972
4, 567, 972
0, 528, 952
-23, 437, 942
-43, 259, 934
-31, 9, 960
-31, 9, 960
-30, -286, 1002
6, -638, 1040
-12, -1043, 1085
-32, -1239, 1098
-45, -1262, 1072
-78, -1111, 1012
-97, -900, 964
-111, -748, 939
-147, -555, 930
-100, -345, 935
-45, -111, 967
-45, -111, 967
-42, 143, 1046
-43, 350, 1147
-21, 477, 1168
11, 494, 1134
-,-,-
8, 454, 1079
82, 527, 1156
31, 490, 1057
31, 490, 1057
54, 423, 923
84, 241, 895
93, 53, 899
119, 10, 933
119, 10, 933
124, 114, 966
70, 273, 966
28, 343, 983
-34, 363, 1007
-34, 363, 1007
-90, 306, 982
-134, 97, 1008
-148, -315, 1038
-113, -608, 1039
-59, -759, 1004
-49, -998, 1052
-56, -1215, 1042
-77, -1213, 996
-104, -1023, 986
-104, -941, 928
-97, -828, 859
-76, -660, 838
-64, -549, 865
-99, -374, 953
-124, -204, 1013
-109, -45, 1014
-109, -45, 1014
-74, 84, 1005
-53, 191, 1021
-43, 306, 1064
-22, 403, 1120
22, 456, 1094
-,-,-
45, 51, 992
45, 51, 992
8, -73, 1079
-4, -34, 1036
67, -16, 976
67, -16, 976
102, -5, 985
102, 18, 986
99, 75, 1010
112, 169, 1053
112, 169, 1053
69, 263, 1095
80, 447, 1050
64, 657, 1010
34, 742, 974
0, 651, 932
0, 651, 932
-12, 510, 906
-34, 232, 941
2, -149, 993
47, -308, 963
47, -308, 963
82, -402, 971
66, -526, 998
57, -691, 1059
27, -949, 1068
-6, -983, 1031
-37, -920, 1032
-52, -837, 1007
-52, -837, 1007
-58, -665, 992
-52, -499, 969
-29, -331, 930
-9, -188, 913
13, -39, 935
17, 139, 1032
22, 332, 1083
22, 332, 1083
47, 458, 1067
-,-,-
26, -87, 1067
48, -71, 1068
75, -45, 1059
68, -20, 986
90, -3, 1006
90, -3, 1006
88, 13, 1009
83, 74, 1000
102, 166, 1022
110, 299, 1038
108, 463, 1016
108, 463, 1016
85, 560, 1017
54, 592, 1014
39, 599, 1003
6, 558, 970
-11, 376, 932
-11, 376, 932
-58, 110, 986
-44, -173, 1012
-39, -413, 1011
-29, -679, 1020
-13, -926, 1032
-23, -1089, 1027
-52, -1191, 997
-75, -1173, 962
-78, -1027, 917
-74, -820, 866
-72, -610, 844
-33, -375, 856
0, -134, 884
0, -134, 884
1, 114, 978
2, 370, 1074
18, 558, 1120
18, 558, 1120
50, 662, 1203
-,-,-
132, -36, 982
132, -36, 982
154, -86, 954
123, -75, 952
118, -34, 992
109, 1, 995
130, 35, 970
130, 35, 970
123, 98, 979
143, 238, 995
139, 472, 1051
112, 599, 1064
90, 591, 1038
90, 591, 1038
64, 560, 1012
51, 523, 973
19, 450, 961
-11, 368, 1018
-27, 199, 1008
-27, 199, 1008
-33, -123, 1021
-29, -404, 1039
-23, -678, 1040
-31, -924, 1003
-47, -1112, 990
-75, -1233, 959
-92, -1174, 936
-101, -969, 883
-94, -826, 828
-101, -682, 812
-58, -522, 796
24, -331, 823
66, -110, 895
66, -110, 895
55, 126, 1002
12, 371, 1127
8, 575, 1236
33, 621, 1286
-,-,-
91, -31, 907
91, -31, 907
131, -62, 936
122, -78, 981
122, -63, 996
129, -21, 997
154, 51, 986
154, 51, 986
190, 199, 971
191, 417, 976
157, 588, 1036
82, 704, 1096
16, 754, 1089
16, 754, 1089
-37, 668, 1052
-57, 457, 1012
-92, 166, 996
-88, -245, 1043
-73, -548, 1013
-60, -806, 1032
-58, -1092, 997
-78, -1294, 955
-76, -1346, 870
-81, -1205, 818
-89, -998, 837
-89, -998, 837
-73, -849, 825
-38, -634, 836
-6, -404, 874
0, -197, 909
-9, -14, 983
-9, -14, 983
-9, 161, 1086
15, 272, 1161
-,-,-
44, -39, 984
72, -92, 954
87, -142, 981
104, -180, 1021
126, -169, 980
142, -113, 899
142, -113, 899
149, -39, 910
122, 22, 970
124, 160, 1015
126, 353, 1065
97, 532, 1104
65, 670, 1118
65, 670, 1118
21, 718, 1074
3, 656, 1062
-37, 581, 1028
-64, 347, 1004
-105, 2, 1019
-66, -314, 1026
-51, -529, 974
-51, -529, 974
-60, -811, 1005
-71, -1063, 1027
-95, -1225, 1023
-121, -1176, 997
-139, -1037, 943
-145, -885, 890
-113, -743, 842
-72, -584, 824
-43, -392, 847
-25, -185, 917
23, 8, 981
79, 202, 1008
79, 202, 1008
103, 386, 1064
103, 543, 1142
-,-,-
75, -46, 895
75, -46, 895
82, -74, 972
39, -122, 1029
62, -105, 1024
62, -51, 969
62, -51, 969
67, -4, 909
66, 30, 904
67, 88, 944
67, 88, 944
73, 240, 1017
41, 384, 1131
19, 464, 1176
15, 476, 1170
0, 498, 1146
0, 498, 1146
-35, 490, 1108
-58, 342, 1049
-45, 35, 1004
-51, -317, 1006
-36, -581, 1015
-23, -754, 993
-27, -917, 952
-27, -917, 952
-39, -997, 910
-59, -959, 889
-85, -874, 841
-97, -780, 834
-113, -674, 838
-95, -550, 833
-52, -358, 848
-24, -99, 947
-24, -99, 947
-30, 166, 1090
-32, 335, 1164
19, 416, 1141
61, 442, 1124
60, 410, 1155
-,-,-
2, -159, 987
43, -172, 921
35, -133, 986
35, -133, 986
46, -137, 943
47, -75, 923
21, 57, 991
52, 306, 1081
52, 306, 1081
66, 557, 1092
38, 698, 1080
2, 718, 1082
-36, 677, 1053
-60, 528, 1030
-60, 528, 1030
-65, 299, 981
-92, -23, 982
-63, -334, 956
-64, -530, 974
-101, -861, 1059
-70, -1178, 1024
-73, -1300, 925
-99, -1199, 897
-132, -1095, 883
-147, -942, 864
-179, -709, 891
-220, -451, 894
-157, -199, 907
-56, -41, 924
-56, -41, 924
-27, 76, 1010
-64, 248, 1171
-,-,-
6, -100, 904
17, -104, 834
58, -141, 843
64, -201, 727
57, -175, 772
10, -18, 908
10, -18, 908
-10, 145, 1087
-11, 314, 1211
-7, 429, 1294
1, 553, 1345
-7, 650, 1347
-7, 650, 1347
-27, 620, 1283
-61, 470, 1178
-91, 247, 1092
-101, -42, 1046
-96, -228, 981
-108, -430, 935
-105, -666, 909
-97, -913, 876
-129, -1110, 890
-167, -1173, 887
-162, -1078, 845
-153, -924, 815
-142, -757, 813
-110, -582, 840
-110, -582, 840
-71, -367, 878
-62, -111, 958
-,-,-
-3, -230, 995
16, -141, 916
11, -4, 1019
40, -46, 1025
70, -78, 973
70, -78, 973
83, -67, 976
100, 10, 1019
128, 131, 1063
118, 356, 1099
72, 549, 1118
72, 549, 1085
47, 626, 1085
40, 591, 1043
23, 483, 998
-20, 336, 1009
-41, 73, 984
-41, 73, 984
-25, -145, 934
-13, -363, 911
-28, -604, 950
-37, -770, 950
-44, -896, 959
-55, -1019, 900
-75, -1041, 858
-96, -958, 849
-117, -834, 866
-108, -712, 888
-108, -712, 888
-76, -552, 896
-60, -365, 903
-74, -166, 988
-73, 21, 1066
-47, 164, 1074
-19, 213, 1085
-,-,-
-28, -67, 907
28, -115, 995
17, -185, 1022
17, -185, 1022
34, -237, 996
48, -162, 981
50, -78, 984
70, -4, 950
94, 119, 959
94, 119, 959
103, 261, 987
82, 385, 1031
65, 472, 1083
37, 491, 1095
0, 494, 1097
0, 494, 1097
-29, 467, 1061
-29, 380, 1036
-36, 143, 1015
-85, -198, 1041
-98, -494, 1037
-97, -606, 990
-101, -691, 957
-105, -874, 899
-105, -874, 899
-119, -1079, 852
-137, -1119, 845
-158, -1040, 828
-171, -935, 818
-172, -814, 831
-171, -672, 847
-155, -496, 883
-141, -292, 935
-115, -129, 971
-101, 62, 1069
-105, 265, 1177
-,-,-
-35, -87, 951
-28, -207, 971
-28, -273, 979
1, -249, 1003
34, -197, 980
56, -149, 942
56, -149, 942
56, -104, 963
43, 6, 1068
56, 159, 1106
93, 334, 1120
96, 466, 1140
96, 466, 1140
66, 536, 1163
45, 596, 1134
48, 588, 1054
27, 476, 992
-18, 311, 968
-18, 311, 968
-62, 119, 943
-86, -81, 941
-111, -276, 962
-116, -515, 988
-107, -753, 983
-115, -929, 970
-127, -1088, 937
-147, -1121, 899
-163, -1015, 867
-152, -933, 814
-129, -845, 768
-95, -701, 780
-88, -522, 837
-88, -522, 837
-106, -309, 924
-91, -114, 993
-47, 42, 1039
-45, 193, 1170
-,-,-
33, -133, 912
64, -173, 904
64, -173, 904
56, -154, 953
38, -170, 980
55, -122, 996
64, -91, 973
65, -74, 949
65, -74, 949
60, 36, 952
83, 168, 977
93, 346, 1044
93, 346, 1044
54, 576, 1103
0, 749, 1131
-38, 757, 1093
-70, 603, 1091
-82, 331, 1084
-75, -14, 1077
-69, -360, 1041
-69, -360, 1041
-46, -603, 1007
-43, -773, 994
-73, -942, 958
-115, -1105, 932
-138, -1153, 893
-157, -1110, 845
-141, -963, 812
-142, -785, 800
-133, -628, 818
-68, -430, 851
-31, -247, 879
-44, -102, 975
-61, 114, 1095
-56, 311, 1160
-12, 434, 1203
-12, 434, 1203
25, 476, 1223
-,-,-
42, -144, 935
77, -138, 926
70, -93, 970
55, -86, 977
71, -83, 922
71, -83, 922
64, -84, 854
80, -70, 820
107, -62, 758
120, -52, 711
120, -52, 711
93, -37, 656
70, 4, 710
27, 80, 909
27, 80, 909
1, 265, 1180
11, 369, 1483
8, 384, 1514
-43, 356, 1554
-43, 356, 1554
-70, 373, 1569
-73, 363, 1420
-59, 315, 1263
-85, 213, 1132
-119, 67, 1001
-132, -151, 926
-141, -243, 888
-127, -373, 838
-102, -557, 743
-83, -780, 773
-72, -978, 814
-72, -978, 814
-77, -1190, 794
-46, -1237, 743
-20, -1121, 732
-3, -1027, 704
2, -947, 675
-4, -798, 746
-39, -596, 821
-77, -333, 973
-11, -27, 1079
-11, -27, 1079
13, 312, 1182
-,-,-
183, -98, 770
94, -21, 863
31, 17, 911
31, 17, 911
42, -7, 933
44, 51, 982
57, 245, 1068
53, 400, 1106
53, 400, 1106
70, 505, 1098
107, 566, 1071
93, 542, 1063
12, 515, 1102
-21, 435, 1062
-59, 207, 1049
-59, 207, 1049
-82, -70, 1025
-75, -322, 1029
-61, -478, 1019
-56, -710, 1023
-49, -943, 998
-62, -1103, 954
-73, -1143, 909
-90, -1052, 904
-75, -940, 879
-71, -789, 856
-101, -668, 863
-106, -524, 901
-67, -351, 932
-67, -351, 932
-30, -209, 920
-11, -46, 944
-26, 155, 1067
-23, 316, 1121
-,-,-
97, -52, 960
94, 26, 1002
128, 97, 1065
119, 169, 1029
127, 270, 1107
111, 345, 1080
103, 401, 1053
103, 401, 1053
102, 413, 1025
79, 399, 1021
30, 349, 1015
7, 302, 980
24, 236, 935
24, 236, 935
9, 90, 933
-33, -88, 979
-77, -441, 1034
-96, -703, 1040
-83, -826, 1024
-78, -996, 975
-67, -1098, 920
-67, -1098, 920
-88, -1130, 871
-107, -1007, 858
-105, -875, 818
-78, -731, 827
-54, -594, 840
-56, -486, 889
-98, -343, 966
-116, -162, 1047
-100, -9, 1144
-66, 42, 1076
-66, 124, 1096
-14, 283, 1122
-,-,-
39, 0, 988
42, -164, 1079
42, -164, 1079
45, -218, 1018
83, -131, 992
96, -81, 1024
103, -52, 987
117, 43, 989
122, 194, 1061
122, 194, 1061
137, 329, 1094
119, 410, 1075
96, 470, 1041
80, 501, 1015
55, 497, 988
1, 381, 1007
1, 381, 1007
-8, 153, 1038
-11, -75, 975
13, -158, 942
-7, -203, 928
-35, -434, 959
-35, -434, 959
-48, -658, 982
-47, -825, 975
-57, -995, 939
-71, -1107, 921
-58, -1021, 882
-27, -812, 860
-10, -631, 877
-13, -413, 897
-19, -180, 963
-19, -180, 963
-9, -32, 988
17, 114, 1059
17, 292, 1156
2, 376, 1255
-,-,-
96, -7, 863
107, -50, 917
87, -30, 1036
85, -25, 1036
85, -25, 1036
83, 33, 1001
121, 150, 1012
163, 230, 1051
161, 362, 1031
135, 422, 1029
99, 420, 1059
99, 420, 1059
73, 406, 1017
53, 362, 980
15, 200, 976
-7, -53, 1002
-15, -248, 988
-15, -248, 988
-1, -352, 967
-16, -345, 946
-50, -368, 996
-70, -493, 1008
-79, -616, 981
-83, -593, 984
-81, -563, 991
-52, -586, 964
-31, -615, 927
-31, -615, 927
-38, -571, 945
-32, -550, 956
-45, -478, 970
-48, -365, 985
-61, -315, 981
-15, -263, 955
25, -173, 937
36, -13, 986
36, -13, 986
51, 228, 1094
-,-,-
-15, -48, 1014
0, -58, 1013
-19, -89, 1079
-6, -118, 1019
6, -149, 983
6, -149, 983
17, -129, 992
42, -14, 962
132, 112, 984
224, 211, 1039
214, 329, 1117
214, 329, 1117
139, 405, 1162
69, 440, 1158
51, 433, 1069
40, 235, 994
6, 10, 1009
6, 10, 1009
-40, -293, 1054
-39, -572, 1018
-11, -777, 895
-1, -896, 841
-26, -901, 854
-42, -820, 854
-46, -711, 888
-46, -711, 888
-47, -605, 904
-67, -483, 929
-69, -325, 1027
-,-,-
-31, 363, 1204
9, 381, 1321
9, 381, 1321
34, 377, 1229
46, 269, 1135
67, 46, 985
84, -64, 919
84, -64, 919
113, -114, 904
72, -168, 912
70, -283, 971
67, -394, 976
77, -467, 947
77, -467, 947
56, -500, 926
35, -578, 935
8, -671, 943
19, -694, 915
24, -641, 887
24, -641, 887
13, -567, 886
16, -478, 899
35, -434, 892
48, -331, 907
46, -176, 946
46, -176, 946
56, -51, 960
72, 86, 946
81, 166, 931
74, 214, 942
-,-,-
54, -124, 1046
28, -88, 888
23, 50, 925
56, 132, 914
63, 162, 921
63, 162, 921
62, 305, 1055
29, 494, 1181
-17, 587, 1240
-28, 548, 1227
-13, 428, 1141
-1, 300, 1066
-1, 300, 1066
-20, 184, 1035
-7, -28, 993
8, -412, 940
46, -744, 882
70, -941, 807
70, -941, 807
64, -1072, 790
30, -1096, 797
17, -976, 781
22, -812, 704
28, -650, 691
62, -455, 737
62, -455, 737
103, -209, 819
75, 18, 965
23, 229, 1140
-,-,-
66, -216, 1041
83, -116, 948
76, -10, 919
103, -25, 950
113, -65, 968
104, -30, 1073
104, -30, 1073
104, 119, 1128
125, 329, 1211
87, 526, 1284
66, 598, 1257
58, 558, 1162
60, 475, 1060
60, 475, 1060
40, 269, 993
18, 20, 962
6, -295, 929
17, -561, 897
17, -561, 897
5, -781, 869
-23, -976, 860
-29, -1040, 841
-29, -981, 804
-40, -874, 793
-50, -787, 796
-72, -654, 839
-72, -654, 839
-52, -495, 853
-2, -328, 865
36, -169, 915
51, 2, 1005
55, 172, 1116
-,-,-
32, -112, 959
32, -112, 959
60, -99, 1017
79, -95, 1038
79, -76, 1046
53, 1, 1066
58, 127, 1102
58, 127, 1102
114, 249, 1101
118, 381, 1106
61, 517, 1140
27, 605, 1140
39, 571, 1033
44, 404, 942
44, 404, 942
19, 139, 958
2, -99, 961
-20, -215, 919
-26, -445, 889
-26, -445, 889
27, -678, 851
12, -845, 781
1, -984, 782
2, -1053, 782
8, -1077, 793
8, -1077, 793
6, -994, 839
2, -797, 870
32, -575, 897
31, -367, 948
22, -155, 1035
22, -155, 1035
19, 7, 1121
51, 135, 1176
82, 207, 1179
-,-,-
72, -51, 1030
91, -87, 989
65, -16, 1072
56, 27, 1146
56, 27, 1146
51, 98, 1180
44, 234, 1195
65, 370, 1174
81, 408, 1130
81, 408, 1105
61, 419, 1105
43, 410, 1066
42, 328, 1001
52, 132, 933
28, -120, 917
28, -120, 917
34, -297, 880
35, -451, 864
33, -622, 872
29, -795, 843
37, -920, 797
49, -954, 765
49, -954, 765
64, -898, 764
63, -824, 791
-,-,-
115, -64, 949
132, -72, 1045
137, -65, 1046
167, -23, 1005
167, -23, 1005
194, 60, 1061
187, 207, 1124
148, 363, 1167
138, 450, 1149
119, 467, 1054
90, 417, 1008
73, 268, 965
73, 268, 965
66, 26, 925
51, -186, 918
40, -431, 943
40, -642, 901
40, -642, 901
45, -776, 851
20, -928, 828
5, -1052, 832
-11, -1093, 809
5, -1022, 777
8, -841, 838
-,-,-
63, -185, 1101
116, -121, 1048
108, -53, 967
127, 21, 916
160, 90, 970
160, 90, 970
180, 210, 1049
188, 300, 1055
164, 334, 1062
140, 361, 1028
124, 314, 995
98, 155, 1033
82, 7, 1032
82, 7, 1032
77, -155, 994
75, -332, 952
51, -517, 932
51, -517, 932
3, -666, 958
-13, -738, 960
-10, -732, 900
-9, -659, 875
1, -575, 878
18, -500, 871
-,-,-
84, 123, 1099
147, 249, 1208
127, 341, 1150
127, 341, 1150
110, 366, 1090
123, 317, 1065
117, 231, 1066
101, 212, 1058
84, 200, 1046
83, 124, 1006
77, 64, 958
77, 64, 958
43, -57, 975
3, -251, 1014
-33, -427, 1018
-29, -601, 996
-39, -787, 988
-39, -787, 988
-79, -998, 967
-69, -1027, 915
-73, -904, 881
-55, -772, 849
-28, -629, 838
6, -452, 863
-9, -289, 1038
-,-,-
35, -56, 992
78, 36, 982
84, 102, 1017
95, 151, 1063
95, 151, 1063
122, 229, 1104
123, 336, 1112
116, 403, 1113
138, 446, 1105
130, 514, 1105
86, 530, 1071
69, 467, 1026
69, 467, 1026
59, 362, 962
49, 198, 918
32, -1, 928
16, -250, 944
16, -250, 944
11, -509, 936
-14, -749, 931
-23, -925, 931
-24, -989, 895
-26, -950, 859
-11, -852, 837
-7, -737, 843
-7, -737, 843
-22, -584, 914
-27, -464, 965
-,-,-
46, -124, 922
108, -124, 971
91, -79, 1040
102, -43, 962
102, -43, 962
134, -5, 945
148, 64, 1030
156, 196, 1092
167, 371, 1153
156, 491, 1132
141, 539, 1083
141, 539, 1083
123, 566, 1053
117, 533, 1001
102, 386, 962
76, 220, 950
68, -6, 954
68, -6, 954
58, -259, 926
36, -496, 916
9, -764, 929
-12, -922, 921
-37, -1005, 926
-54, -1035, 888
-54, -1035, 888
-51, -968, 852
-59, -796, 869
-50, -585, 894
-20, -387, 899
24, -166, 914
66, 86, 982
93, 346, 1105
93, 346, 1105
100, 541, 1165
119, 622, 1181
135, 566, 1171
148, 416, 1168
170, 317, 1001
-,-,-
1, -56, 1018
72, -111, 994
70, -76, 1001
70, -76, 1001
95, -31, 1008
106, -22, 975
106, -9, 967
138, 1, 959
138, 1, 959
169, 55, 978
179, 162, 1033
182, 322, 1097
183, 546, 1150
152, 680, 1159
116, 670, 1136
116, 670, 1136
76, 580, 1106
55, 468, 1060
26, 256, 1012
3, 33, 975
-11, -210, 929
-11, -210, 929
-20, -500, 915
-27, -724, 889
-55, -932, 887
-84, -1147, 873
-83, -1203, 839
-68, -1089, 805
-70, -981, 799
-85, -836, 823
-82, -614, 855
-44, -396, 855
-44, -396, 855
15, -163, 903
38, 98, 997
39, 362, 1113
12, 576, 1253
-,-,-
53, 8, 961
81, -47, 923
81, -47, 923
102, -55, 953
116, -57, 1012
111, 7, 1068
158, 154, 1106
179, 298, 1141
147, 389, 1181
147, 389, 1181
103, 464, 1213
96, 491, 1171
103, 476, 1073
91, 439, 998
72, 370, 941
50, 282, 895
50, 282, 895
27, 113, 883
13, -148, 901
5, -429, 903
0, -688, 904
0, -688, 904
-4, -831, 900
-13, -922, 897
-21, -946, 886
-17, -875, 866
-28, -775, 901
-42, -673, 942
-42, -673, 942
-55, -532, 966
-57, -399, 995
-35, -233, 1019
-21, -90, 1048
0, 38, 1081
28, 144, 1084
68, 203, 1068
68, 203, 1068
100, 238, 1063
-,-,-
77, 33, 1081
77, -19, 993
116, -17, 980
147, 10, 979
147, 10, 979
144, 64, 1014
117, 171, 1050
115, 273, 1046
119, 355, 1028
106, 422, 1022
78, 427, 1034
78, 427, 991
73, 397, 991
65, 324, 940
41, 220, 931
18, 122, 922
18, 122, 922
-4, -78, 932
4, -330, 930
21, -552, 922
15, -748, 933
15, -748, 933
8, -875, 953
-9, -922, 939
-26, -900, 940
-39, -892, 916
-53, -864, 919
-77, -788, 971
-55, -676, 967
-55, -676, 967
-44, -531, 956
-33, -392, 955
-11, -254, 984
11, -133, 986
35, -39, 991
46, 40, 1018
46, 40, 1018
56, 116, 1063
-,-,-
91, -108, 996
150, -110, 876
146, -56, 936
145, -33, 936
134, -9, 960
134, -9, 960
145, 34, 999
143, 114, 1045
121, 233, 1101
94, 327, 1084
94, 327, 1084
100, 360, 1050
95, 341, 1011
91, 277, 1004
64, 218, 995
50, 84, 1003
50, 84, 1003
41, -124, 984
43, -400, 976
72, -582, 943
73, -725, 906
58, -887, 887
58, -887, 887
40, -994, 874
20, -974, 863
9, -849, 847
-3, -714, 840
-19, -587, 867
-19, -587, 925
-4, -430, 925
18, -287, 965
31, -118, 1007
30, 86, 1104
39, 252, 1203
-,-,-
117, -66, 906
139, -31, 915
139, -31, 915
124, 11, 970
141, 15, 968
154, 58, 996
161, 132, 1046
152, 216, 1083
152, 216, 1083
118, 327, 1110
108, 403, 1100
102, 407, 1054
85, 379, 1029
58, 306, 999
41, 211, 976
41, 211, 976
25, 47, 957
32, -171, 933
27, -383, 923
31, -645, 926
41, -849, 895
41, -849, 895
50, -961, 860
49, -1009, 843
34, -1037, 819
32, -968, 804
31, -821, 846
17, -642, 856
17, -642, 856
1, -459, 888
-6, -280, 940
4, -137, 1004
-,-,-
75, -91, 965
94, -59, 937
94, -59, 937
93, -27, 953
109, -10, 996
111, 44, 1049
144, 146, 1101
146, 266, 1136
146, 266, 1136
129, 379, 1158
110, 455, 1151
65, 485, 1132
45, 466, 1086
23, 397, 1011
-3, 206, 979
-3, 206, 979
-6, -35, 967
-4, -254, 900
4, -487, 873
12, -725, 850
27, -967, 821
27, -967, 821
27, -1101, 770
33, -1116, 733
48, -1108, 698
69, -1027, 686
60, -858, 734
55, -665, 794
55, -665, 794
50, -455, 853
36, -258, 939
30, -90, 1025
40, 33, 1085
-,-,-
80, -180, 977
111, -239, 906
140, -214, 928
138, -156, 951
106, -70, 1011
98, 49, 1088
98, 49, 1088
110, 151, 1120
101, 226, 1150
89, 290, 1157
87, 326, 1141
95, 345, 1082
98, 341, 1029
98, 341, 1029
81, 283, 1009
72, 227, 974
68, 170, 935
58, 14, 940
58, 14, 940
58, -201, 934
60, -475, 926
61, -777, 921
68, -974, 902
68, -974, 902
73, -1100, 841
74, -1099, 761
68, -974, 734
45, -825, 761
17, -705, 804
7, -551, 845
7, -551, 845
17, -372, 892
14, -175, 954
13, 35, 1048
-,-,-
83, -104, 1028
103, -75, 1050
122, -15, 1025
148, 69, 1052
148, 69, 1052
155, 141, 1092
158, 214, 1123
163, 316, 1134
147, 404, 1157
89, 456, 1166
50, 463, 1118
50, 463, 1118
44, 344, 1044
35, 160, 994
18, -31, 966
17, -213, 904
31, -377, 850
31, -377, 850
24, -612, 826
27, -856, 815
50, -990, 790
65, -1048, 781
62, -1051, 776
62, -1062, 767
62, -1062, 767
84, -988, 752
73, -782, 811
52, -557, 876
22, -360, 937
19, -180, 1011
39, -46, 1042
39, -46, 1042
65, 61, 1062
81, 161, 1088
-,-,-
62, -163, 1069
99, -166, 946
115, -141, 895
147, -147, 900
147, -147, 900
151, -114, 964
138, -49, 984
147, 0, 984
185, 127, 1033
189, 276, 1098
135, 397, 1149
105, 446, 1154
105, 446, 1154
107, 396, 1088
96, 291, 1040
75, 171, 1011
60, 32, 1002
59, -151, 959
58, -382, 906
58, -382, 906
48, -617, 885
38, -793, 876
32, -912, 842
20, -1001, 813
24, -1049, 759
41, -995, 721
41, -995, 721
47, -852, 732
34, -689, 786
10, -502, 844
7, -327, 924
7, -327, 924
6, -166, 994
-4, 0, 1089
-,-,-
65, -119, 1056
119, -148, 931
120, -138, 938
129, -159, 981
138, -147, 1024
139, -84, 1014
162, 13, 1028
162, 13, 1028
184, 140, 1087
166, 256, 1136
138, 332, 1150
131, 359, 1104
135, 347, 1057
124, 298, 1034
110, 249, 1022
125, 145, 1029
125, 145, 1029
133, -42, 1016
120, -265, 999
95, -452, 991
64, -588, 957
48, -713, 909
43, -830, 851
43, -830, 851
46, -913, 808
43, -919, 741
43, -833, 719
34, -758, 715
42, -669, 725
72, -516, 769
72, -516, 769
106, -328, 818
101, -71, 944
105, 159, 1057
133, 315, 1098
160, 427, 1134
169, 476, 1175
-,-,-
85, -176, 1121
107, -201, 1040
139, -149, 933
177, -126, 903
177, -126, 903
182, -92, 941
181, -33, 986
215, 90, 1017
244, 207, 1036
223, 295, 1061
180, 349, 1089
165, 360, 1058
165, 360, 1058
147, 339, 1013
131, 291, 990
113, 172, 983
102, -60, 975
110, -287, 931
91, -430, 911
55, -627, 941
55, -627, 941
35, -884, 935
42, -1054, 880
47, -1053, 811
29, -944, 791
25, -856, 789
37, -752, 799
37, -752, 799
43, -594, 836
59, -402, 878
85, -203, 933
106, 11, 1003
118, 208, 1071
118, 208, 1071
134, 363, 1101
137, 451, 1180
142, 449, 1194
-,-,-
122, -135, 887
122, -135, 887
148, -106, 897
158, -47, 979
207, 99, 1025
206, 273, 1091
159, 388, 1145
123, 408, 1110
114, 342, 1058
106, 223, 1017
106, 223, 1017
63, -32, 1050
82, -295, 1018
96, -445, 912
88, -631, 883
55, -840, 845
39, -1016, 798
24, -1016, 752
24, -1105, 752
19, -1067, 725
19, -927, 728
5, -763, 763
7, -580, 786
44, -381, 838
44, -381, 838
80, -164, 923
83, 101, 1060
-,-,-
145, 124, 1011
211, 222, 991
186, 285, 1054
157, 325, 1092
128, 336, 1084
115, 321, 1074
115, 321, 1074
93, 282, 1033
58, 225, 997
30, 33, 985
30, -267, 960
40, -572, 939
40, -572, 939
32, -772, 878
23, -952, 862
20, -1066, 826
29, -1116, 772
21, -1049, 734
29, -946, 730
29, -946, 730
34, -822, 737
17, -670, 787
-3, -518, 843
-7, -349, 933
-1, -147, 1107
56, -7, 1017
