-,-,-
-910, 121, 246
-910, 121, 246
-975, 150, 227
-963, 177, 333
-916, 137, 366
-912, 104, 362
-954, 96, 317
-974, 123, 292
-1008, 133, 348
-1215, 234, 521
-1275, 380, 564
-1082, 319, 523
-1343, 245, 715
-1343, 245, 715
-1424, 179, 882
-1327, 163, 935
-1216, 40, 597
-672, -67, 34
-259, 131, -253
-183, 239, -62
124, 193, -10
-44, 114, -115
-16, 62, -20
-16, 62, -20
-513, 18, -8
-1253, 57, 296
-1736, 269, 776
-,-,-
-951, 161, 319
-919, 120, 228
-999, 173, 380
-960, 141, 462
-936, 97, 372
-861, 51, 299
-861, 51, 299
-866, 27, 353
-1134, 132, 601
-1321, 329, 694
-1375, 419, 776
-1458, 383, 1031
-1769, 218, 994
-1099, -7, 428
-761, -165, 85
-401, -125, -147
-155, 64, -262
158, 205, -70
158, 205, -70
-87, 219, 81
-16, 161, 45
-181, 30, 218
-843, -80, 299
-1658, 98, 679
-1658, 98, 679
-,-,-
-973, 206, 323
-874, 154, 285
-910, 154, 247
-887, 164, 336
-898, 162, 523
-951, 145, 358
-902, 125, 342
-887, 83, 444
-1112, 142, 608
-1405, 246, 961
-1405, 246, 961
-1679, 365, 1051
-1753, 589, 1042
-1016, 310, 627
-1071, -97, 351
-1174, 9, 142
-405, 177, -248
87, 206, -158
-20, 143, 147
19, 118, 282
-111, 194, 484
-111, 194, 484
-87, 109, 272
-409, -64, 114
-1150, 22, 470
-1582, 401, 1034
-1263, 531, 1249
-840, 313, 993
-852, 39, 632
-996, -84, 458
-1117, 40, 380
-1160, 257, 486
-1063, 359, 566
-,-,-
-957, 185, 339
-957, 185, 339
-1011, 204, 426
-953, 203, 617
-883, 220, 577
-893, 175, 436
-951, 138, 395
-1121, 193, 710
-1216, 223, 1057
-1333, 193, 1179
-1754, 353, 1104
-1348, 305, 449
-928, 98, 308
-808, 58, 364
-808, 58, 111
-607, 149, 111
-44, 279, -62
222, 227, 206
58, 173, 410
50, 119, 471
50, 119, 471
-88, 182, 572
-10, 172, 361
-11, -43, 33
-736, -76, 119
-1622, 176, 690
-1271, 391, 943
-1091, 401, 1013
-1124, 213, 916
-1124, 213, 916
-1098, 28, 649
-1220, 10, 543
-1332, 105, 508
-1177, 196, 446
-981, 203, 372
-,-,-
-900, 199, 196
-914, 188, 320
-952, 281, 401
-926, 229, 358
-890, 130, 347
-863, 72, 387
-877, 48, 405
-877, 42, 402
-877, 42, 402
-1016, 118, 563
-1377, 336, 923
-1502, 272, 1142
-1985, 353, 1435
-1596, 411, 877
-937, 33, 228
-1339, -85, 246
-985, 103, -95
-39, 381, -301
330, 211, -21
330, 211, -21
171, 114, 292
174, 126, 403
-15, 220, 430
-53, 147, 382
86, -51, 93
86, -51, 93
-439, -190, -131
-1447, -67, 190
-1861, 310, 900
-1378, 408, 1142
-1222, 189, 1002
-1122, -22, 688
-1169, -120, 526
-1478, -52, 389
-1420, 70, 293
-1136, 122, 167
-,-,-
-1025, 117, 189
-882, 108, 103
-869, 53, 158
-1031, 40, 313
-1026, 63, 494
-950, 30, 388
-950, 30, 388
-922, -46, 290
-965, -61, 380
-1208, 67, 622
-1491, 169, 920
-1509, 228, 869
-1926, 430, 1147
-1742, 206, 1102
-1093, -215, 241
-774, -220, -138
-504, -117, -233
-387, 180, -249
-59, 330, -71
293, 331, 81
164, 228, 285
164, 228, 285
-184, 114, 374
-277, -95, 137
-1014, -65, 339
-1052, 0, 728
-1135, 134, 866
-1520, 216, 1196
-1220, 174, 1032
-1058, 98, 632
-1058, 9, 530
-1078, 38, 359
-1078, 38, 359
-1016, 106, 198
-,-,-
-875, 62, 85
-875, 62, 85
-846, 37, 88
-894, 30, 269
-987, 77, 414
-940, 72, 429
-940, 72, 429
-923, -2, 494
-990, -30, 513
-1371, 114, 741
-1904, 320, 1368
-1998, 377, 1471
-1641, 327, 742
-1697, -51, 502
-1851, -362, 588
-1141, -88, -453
17, 106, -912
354, 227, -621
137, 126, -209
137, 126, 52
265, 170, 52
73, 344, 237
220, 46, 113
-367, -305, -157
-1327, -273, 286
-1754, 91, 773
-1965, 577, 1445
-1412, 523, 1545
-964, 210, 820
-964, 210, 820
-1006, -120, 420
-1055, -168, 261
-1200, -27, -43
-,-,-
-985, 46, 160
-1054, 118, 254
-964, 126, 256
-878, 21, 165
-950, -28, 216
-966, -2, 415
-966, -2, 415
-973, 2, 501
-1235, 51, 653
-1354, 116, 768
-1685, 205, 975
-1998, 593, 1649
-1824, 300, 1009
-1507, -246, 148
-1252, -359, 21
-1118, -112, -193
-353, 337, -506
487, 323, -434
524, 151, -103
299, 257, 244
85, 265, 459
85, 265, 459
-28, 250, 544
121, 129, 490
-33, -75, 339
-681, -240, 178
-1656, 9, 564
-1656, 9, 564
-1601, 218, 890
-1281, 302, 1002
-1080, 231, 935
-,-,-
-1000, -27, 94
-1000, -27, 319
-1145, 133, 319
-928, 112, 544
-909, -15, 610
-1108, -29, 731
-1364, 99, 789
-1482, 224, 913
-1840, 293, 1537
-1918, 72, 1170
-1471, -92, 438
-1307, -307, 360
-1067, -163, 49
-389, 233, -513
274, 247, -452
455, 235, -142
410, 346, 49
410, 346, 49
252, 327, 139
72, 326, 277
-4, 83, 453
-236, -310, 274
-236, -310, 274
-,-,-
-893, -28, 56
-998, 0, 124
-1103, 116, 321
-944, 145, 316
-836, -54, 367
-879, -200, 327
-1048, -191, 277
-1500, 78, 716
-1500, 78, 716
-1805, 284, 1096
-1998, 422, 1247
-1888, 278, 1328
-1917, -191, 904
-1818, -489, 338
-1224, -473, -345
-755, -167, -563
108, 382, -670
465, 401, -459
453, 207, -137
345, 145, -54
44, 194, -58
91, 12, -47
91, 12, -47
-623, -386, -339
-1944, -115, 380
-1846, 593, 1434
-1205, 553, 1726
-1070, 26, 1006
-1099, -349, 678
-1337, -255, 416
-1278, 58, 140
-1179, 143, 304
-1058, 148, 484
-,-,-
-915, 4, 96
-896, -27, 93
-958, 4, 47
-994, 2, 170
-1019, 16, 390
-1019, 16, 390
-1169, 25, 546
-1338, 108, 669
-1446, 127, 734
-1733, 210, 950
-1998, 398, 1147
-1653, 153, 708
-1761, -143, 489
-1505, -352, 252
-907, -308, -234
-395, 33, -497
-29, 299, -573
248, 287, -398
353, 292, 10
205, 246, 126
205, 246, 126
-239, 236, 128
-255, 133, 178
-487, -258, 95
-1479, -182, 337
-1655, 239, 755
-1349, 447, 1137
-1403, 342, 1021
-1343, 185, 830
-1300, 85, 705
-,-,-
-887, 78, 85
-904, 30, 118
-969, 121, 152
-990, 167, 243
-1048, 178, 182
-1013, 126, 209
-904, 2, 246
-904, 2, 246
-887, -140, 266
-1145, -120, 381
-1450, -8, 672
-1576, 140, 876
-1755, 455, 940
-1717, 522, 811
-1854, 111, 878
-1794, -245, 581
-1369, -217, -36
-645, -79, -487
17, 275, -550
182, 403, -415
195, 298, -250
282, 327, -143
282, 327, -143
-88, 357, 83
-225, 203, 269
-577, -7, 212
-1032, -162, 399
-1056, -108, 352
-1355, 76, 581
-1707, 255, 1026
-1801, 485, 1139
-1406, 558, 888
-1118, 393, 595
-1091, 129, 295
-,-,-
-969, 81, 130
-969, 81, 130
-1030, 167, 113
-1001, 166, 155
-942, 43, 241
-848, -91, 257
-915, -120, 144
-1037, -79, 166
-1490, 82, 583
-1885, 273, 1050
-1998, 356, 1179
-1936, 324, 1000
-1824, 176, 626
-1850, -151, 229
-1356, -447, -201
-899, -257, -374
-20, 244, -547
151, 472, -411
107, 213, -123
107, 213, -123
125, 265, 212
73, 282, 233
-23, 322, 418
60, 154, 429
-117, -144, 65
-117, -144, 65
-685, -395, -153
-1628, -105, 93
-1557, 232, 588
-1534, 264, 724
-1794, 367, 1052
-1604, 489, 986
-1454, 227, 556
-1414, -49, 359
-1307, -23, 42
-1160, -53, 0
-,-,-
-984, -36, 90
-1000, 31, 77
-1000, 31, 77
-990, 21, 197
-1100, 39, 271
-1057, 67, 236
-1148, 73, 312
-1380, 77, 535
-1538, 63, 643
-1675, 199, 721
-1675, 199, 721
-1483, 250, 673
-1563, 138, 510
-1498, -5, 376
-1268, -132, 461
-959, -283, 208
-374, -175, -305
13, 214, -369
-18, 406, -215
-85, 377, -176
-121, 446, 142
-7, 348, 322
-69, 57, 66
-69, 57, 66
-708, -125, 65
-1299, 14, 545
-1435, 369, 669
-1391, 429, 684
-1300, 360, 926
-,-,-
-906, 34, 96
-957, 23, 162
-1019, 65, 243
-924, 67, 250
-890, 26, 269
-1019, -11, 352
-1187, 66, 486
-1270, 83, 681
-1270, 83, 681
-1504, 109, 859
-1570, 204, 820
-1593, 278, 752
-1971, 222, 929
-1563, -71, 555
-917, -275, -119
-466, -277, -326
-285, -49, -156
-190, 273, -228
-36, 359, -293
-23, 367, -142
-86, 449, 111
-266, 309, 209
-558, 44, 207
-558, 44, 207
-836, -138, 227
-1200, -17, 397
-1797, 277, 831
-1667, 403, 1249
-1304, 339, 1208
-1246, 178, 768
-,-,-
-1014, 107, 208
-939, 105, 106
-862, 91, 105
-922, -2, 203
-1064, 8, 350
-1357, 101, 748
-1882, 323, 1149
-1873, 357, 1011
-1483, 202, 690
-1601, 44, 541
-1601, 44, 541
-1966, -53, 566
-1509, -115, 153
-702, -158, -338
-54, -94, -465
105, 275, -290
0, 326, -224
-6, 276, -186
-125, 418, 102
-159, 349, 114
-159, 349, 114
-323, 120, 84
-703, -15, 365
-1250, 16, 515
-1511, 271, 735
-1595, 353, 866
-1345, 318, 1056
-1163, 261, 821
-1209, 171, 439
-,-,-
-1061, 22, 193
-970, -25, 152
-908, -29, 59
-908, -29, 59
-1015, 3, 107
-1077, 19, 214
-1153, 50, 359
-1329, 103, 670
-1536, 126, 1098
-1850, 179, 900
-1849, 218, 361
-1716, 206, 323
-1715, 23, 523
-1489, -119, 149
-977, -233, -254
-757, -101, -253
-234, 62, -167
-86, 307, -244
-86, 307, -244
-117, 280, -245
-14, 260, -17
15, 360, 98
-168, 270, 186
-413, 22, 241
-992, -33, 344
-992, -33, 344
-1305, 101, 481
-1449, 369, 876
-1437, 331, 938
-1237, 225, 1006
-,-,-
-1078, 60, 324
-1078, 60, 324
-1173, 115, 416
-1099, 85, 450
-1315, 47, 654
-1778, 232, 911
-1670, 405, 999
-1472, 176, 667
-1362, -173, 390
-1103, -196, 192
-735, -159, -3
-454, 10, -96
-156, 193, -139
87, 303, -249
1, 251, -258
1, 251, -258
-221, 250, -69
-344, 70, -61
-888, -124, -61
-1486, 110, 400
-1398, 415, 883
-1295, 349, 758
-1452, 219, 940
-,-,-
-1073, -9, 237
-1104, 106, 55
-878, 47, 85
-878, 47, 85
-1280, 47, 490
-1547, 178, 978
-1761, 403, 1195
-1995, 417, 1232
-1733, 220, 661
-1150, -103, 56
-1030, -311, 11
-798, -336, -300
-295, 60, -682
22, 320, -543
107, 287, -403
107, 287, -403
-155, 248, -268
-400, 265, 145
-525, 96, 224
-906, -55, 104
-1390, -24, 401
-,-,-
-979, 15, 113
-993, 2, 57
-985, 35, 40
-1034, 15, 274
-1034, 15, 274
-1383, 103, 730
-1828, 261, 1024
-1982, 443, 1095
-1775, 314, 849
-1411, -28, 412
-1080, -290, -30
-787, -304, -291
-577, -207, -277
-247, 47, -355
-48, 347, -422
-86, 406, -267
-365, 353, 91
-442, 286, 285
-620, 163, 227
-,-,-
-1409, 142, 742
-1259, -30, 347
-1445, 52, 296
-1990, 339, 770
-1909, 184, 1026
-1462, -243, 939
-1408, -342, 216
-628, -177, -537
-148, 188, -762
-194, 358, -626
-224, 378, -426
-192, 443, -168
-,-,-
-1998, 428, 1277
-1474, -27, 737
-1383, -13, 303
-1820, 43, 350
-1400, -311, 259
-880, -192, -262
-384, 128, -491
-25, 418, -379
-32, 499, -250
-,-,-
-1972, 393, 852
-1972, 393, 852
-1492, 246, 572
-1535, 65, 637
-1992, -8, 905
-1517, -250, 583
-913, -428, -299
-541, -339, -380
-260, 69, -525
20, 484, -805
-55, 594, -503
-151, 580, -85
-135, 368, -174
-579, -3, -217
-1578, -25, 337
-1806, 105, 839
-1806, 105, 839
-1534, 279, 1012
-1676, 259, 966
-,-,-
-1124, 9, 225
-1037, -33, 95
-1320, 101, 303
-1612, 290, 658
-1642, 296, 1178
-1969, 328, 1286
-1846, 121, 773
-1349, -223, 276
-1229, -499, -149
-813, -377, -486
-357, 19, -595
184, 413, -638
184, 413, -638
109, 522, -679
-258, 480, -496
-143, 290, -208
-493, -162, -248
-1556, -228, 26
-1998, 94, 855
-1975, 318, 1103
-1690, 358, 1155
-,-,-
-876, -9, 96
-1165, 78, -16
-1165, 78, -16
-1173, 197, 78
-1011, 223, 175
-1061, 87, 416
-1408, 66, 729
-1721, 28, 994
-1996, 250, 1122
-1995, 528, 973
-1464, 19, 345
-1154, -333, -16
-997, -282, -370
-623, -114, -534
-88, 210, -818
176, 471, -881
-87, 434, -456
-87, 434, -456
-167, 370, 88
-213, 87, 154
-961, -301, -190
-1917, -32, 393
-1886, 434, 1140
-1413, 353, 1281
-1313, 111, 1082
-1299, -106, 817
-,-,-
-996, 16, 195
-963, 40, 40
-939, 74, 130
-939, 74, 130
-972, 52, 184
-1090, 68, 275
-1164, 149, 410
-1497, 305, 614
-1501, 299, 706
-1462, 136, 674
-1423, 20, 537
-1498, 14, 512
-1345, -72, 466
-988, -233, 205
-562, -208, -39
-562, -208, -131
-222, 148, -228
-222, 148, -228
-96, 242, -301
-280, 254, -447
-303, 272, -440
-577, 99, -288
-1501, 208, 348
-1893, 418, 794
-1522, 463, 1046
-1273, 204, 920
-1275, -7, 613
-1361, -80, 450
-1117, 179, 159
-,-,-
-867, -11, 96
-936, -39, 141
-1123, -15, 117
-1123, -15, 117
-1081, 125, 73
-1037, 119, 295
-977, -15, 270
-1128, -84, 321
-1690, 26, 905
-1848, 163, 1054
-1625, 195, 622
-1058, 186, 225
-846, -1, 14
-877, -174, 16
-566, -271, -35
-245, -140, -469
-138, -19, -723
-481, 295, -176
-481, 295, -176
-409, 331, -126
-582, 122, -125
-1099, -25, 313
-1839, 280, 587
-1745, 575, 739
-1314, 383, 878
-1305, 63, 537
-1421, -323, 450
-,-,-
-1077, -72, 96
-1341, 118, 147
-1387, 344, 360
-1126, 280, 513
-1151, 78, 558
-1626, 117, 842
-1991, 217, 924
-1652, 117, 516
-1118, -56, 169
-1118, -56, 169
-711, -263, -141
-584, -249, -295
-538, -81, -219
-236, 202, -339
-44, 376, -432
-207, 358, -477
-208, 238, -211
-875, 121, 7
-1452, 247, 168
-1484, 326, 407
-1311, 145, 712
-1370, -43, 723
-1517, -42, 574
-,-,-
-1196, 81, 71
-1169, 140, 69
-1049, 109, 97
-882, -16, 102
-937, -62, 157
-937, -62, 157
-1151, -12, 261
-1433, 135, 528
-1625, 175, 930
-1593, 117, 933
-1390, 198, 559
-1542, 229, 457
-1309, -91, 265
-948, -252, -91
-566, -192, -297
-269, 108, -262
-129, 260, -245
-130, 341, -291
-255, 299, -220
-224, 151, -182
-558, 0, -62
-558, 0, -62
-1087, -46, 54
-1490, 135, 342
-1665, 307, 691
-1482, 297, 960
-1409, 198, 838
-,-,-
-1102, 17, -15
-1423, 182, 221
-1407, 249, 405
-1434, 225, 615
-1403, 160, 741
-1812, 325, 962
-1549, 193, 616
-986, -124, 179
-1028, -210, 5
-932, -197, 38
-532, -44, 29
-210, 235, -141
-68, 397, -277
-68, 397, -277
-90, 321, -246
-137, 342, -181
-173, 168, -218
-1043, 40, 54
-1229, 160, 334
-995, 315, 210
-1120, 39, 537
-1341, -121, 811
-1549, 30, 621
-,-,-
-926, -61, 49
-1202, 41, 115
-1176, 167, 105
-1159, 84, 255
-1315, 22, 483
-1586, 161, 620
-1740, 395, 771
-1852, 445, 948
-1669, 193, 637
-1434, -90, 212
-1327, -195, 3
-1327, -195, 3
-883, -343, -61
-481, -164, -148
-220, 259, -428
88, 429, -572
154, 458, -260
19, 463, 7
-77, 287, 1
-77, 287, 1
-250, 17, -14
-892, -234, 52
-1526, -18, 532
-1562, 435, 589
-1373, 456, 742
-1230, 250, 1006
-1431, 168, 834
-,-,-
-1069, -137, 1112
-1063, -71, 1081
-1149, -90, 1095
-1048, -103, 1137
-907, -268, 917
-1075, -94, 1018
-1184, -138, 1673
-827, -358, 1486
-142, -150, 497
175, 38, 209
175, 38, 209
403, -299, -308
392, -393, -232
498, -409, -281
413, -257, -448
251, -74, -353
84, 154, -250
-319, 11, -639
-1030, -257, -1261
-1938, -89, -146
-1997, 103, 1876
-1474, -107, 1998
-,-,-
-1313, -249, 1085
-1478, -393, 1137
-1262, -282, 919
-1265, -167, 606
-1683, -54, 1173
-1557, 55, 1508
-895, 97, 634
-1, 129, -300
396, 118, -598
425, -106, -699
289, -498, -46
289, -498, -46
45, -352, 331
75, -227, 180
-95, -150, -161
-,-,-
-885, -47, 447
-853, -158, 281
-954, -117, 364
-906, -64, 477
-1042, -80, 509
-1363, -154, 1023
-1722, -217, 1542
-1860, -265, 1415
-1795, -410, 1055
-1998, -612, 957
-1998, -364, 802
-994, 186, -207
198, 154, -1519
454, 239, -1569
569, 47, -433
569, 47, 999
605, 19, 999
584, 123, 330
407, 126, -600
-212, 111, -877
-865, 81, -671
-,-,-
-965, -105, 484
-888, -61, 336
-866, -70, 186
-893, -71, 224
-899, -75, 418
-1120, -50, 712
-1385, -51, 1087
-1584, -142, 1171
-1802, -225, 1104
-1998, -188, 1427
-1978, -225, 1140
-1586, -68, 270
-940, 186, -245
-59, 14, -1018
343, -74, -966
500, -6, 38
500, -6, 38
472, 17, 344
626, 71, -231
287, 15, -943
-633, -179, -1137
-1553, -211, -492
-1863, 98, 1122
-1998, -7, 1998
-,-,-
-897, -69, 434
-993, -138, 565
-912, -123, 527
-860, -99, 366
-860, -99, 366
-865, -102, 276
-961, -79, 359
-1079, -78, 761
-1419, -82, 1152
-1759, -281, 1324
-1764, -358, 1240
-1804, -305, 876
-1662, -226, 697
-995, -54, 70
-183, 63, -390
156, 23, -704
256, -100, -202
365, -86, 348
526, 52, -63
526, 52, -63
335, 214, -1030
-483, 4, -1219
-1697, -81, -893
-1998, 89, 1501
-1998, -287, 1998
-1844, -408, 1541
-,-,-
-825, -130, 407
-820, -160, 351
-1001, -211, 420
-940, -133, 563
-811, -62, 460
-803, -86, 302
-1101, -166, 566
-1443, -240, 1314
-1748, -315, 1455
-1998, -369, 1615
-1998, -322, 1459
-1937, -247, 501
-1418, -71, -8
-155, 119, -491
391, -103, -1218
413, -118, -303
648, -80, 320
667, -10, 115
469, -106, -493
-84, 29, -832
-731, 38, -414
-1199, 53, 171
-1199, 53, 171
-1454, 87, 1004
-,-,-
-810, -63, 479
-818, -135, 304
-888, -95, 409
-916, -94, 517
-1088, -165, 700
-1404, -221, 1157
-1715, -185, 1556
-1839, -216, 1515
-1451, -266, 773
-1344, -104, 445
-1183, -50, 585
-669, -60, 172
29, -158, -398
99, -162, -437
89, -257, 58
89, -257, 58
145, -207, 187
227, -168, 48
-77, -167, -311
-526, -62, -200
-753, 90, 196
-826, 215, 481
-,-,-
-914, -43, 353
-877, -126, 332
-924, -85, 299
-952, -26, 431
-1137, -68, 701
-1137, -68, 701
-1595, -119, 1229
-1940, -226, 1604
-1774, -245, 690
-1605, -196, 353
-1460, -216, 300
-937, -60, 13
-937, -60, 13
41, 82, -255
434, 26, -893
280, -228, -397
269, -290, 181
445, -202, 18
164, -46, -742
164, -46, -742
-410, 65, -768
-1085, 117, -473
-,-,-
-900, -97, 64
-900, -97, 64
-1019, -74, 405
-959, -91, 629
-954, -81, 374
-1139, -102, 381
-1647, -188, 1098
-1998, -189, 1918
-1998, -188, 1812
-1736, -233, 301
-1365, -184, -367
-1340, -207, 81
-901, -69, 371
-85, 28, -142
396, 25, -763
389, -188, -556
281, -276, -80
254, -176, -11
88, 3, -419
88, 3, -419
-289, 122, -449
-880, 56, -423
-1361, 91, 128
-1605, 149, 1045
-,-,-
-1498, -31, 1085
-1884, -156, 1500
-1651, -194, 1112
-1668, -205, 624
-1967, -205, 834
-1756, -80, 801
-1027, 45, 98
-208, 239, -481
392, 5, -1054
427, -217, -486
316, -311, 334
140, -332, 515
140, -332, 515
-19, -496, 172
-194, -444, 3
-262, -114, -25
-,-,-
-969, -2, 367
-969, -2, 367
-897, 31, 449
-875, 13, 383
-1045, 43, 496
-1281, 87, 935
-1479, 60, 1148
-1674, -83, 1066
-1533, -107, 808
-1522, -94, 587
-1711, -67, 920
-1786, -126, 931
-1224, -45, 328
-337, 26, -518
128, 69, -839
128, 69, -839
346, -187, -970
244, -337, -405
268, -229, 93
-70, -97, -315
-631, -10, -336
-770, 185, 72
-1020, 218, 291
-1387, 165, 754
-1704, 18, 1256
-,-,-
-824, 2, 251
-875, -50, 183
-1059, -93, 351
-1044, -60, 622
-1023, -19, 551
-1061, 5, 463
-1072, 21, 392
-1223, -6, 559
-1223, -6, 559
-1738, -111, 1214
-1964, -157, 1534
-1998, -242, 1131
-1452, -76, -137
-661, 98, -588
-661, 98, -588
-81, 87, -543
230, -64, -682
198, -193, -103
234, -143, 259
272, -126, -24
-17, -153, -611
-470, 2, -539
-824, 130, -146
-1212, 131, 350
-1212, 131, 350
-,-,-
-895, 35, 247
-984, 23, 359
-1019, 61, 618
-908, 94, 546
-924, 56, 311
-947, 67, 333
-947, 67, 333
-1051, 73, 471
-1271, 101, 881
-1679, 30, 1296
-1728, -77, 1263
-1666, -141, 828
-1971, -204, 937
-1978, -178, 819
-1506, 138, 376
-758, 242, -112
46, 89, -582
309, -123, -969
336, -364, -362
173, -334, -21
252, -291, 0
252, -291, 0
82, -216, -326
-223, -5, -323
-539, 172, -123
-985, 160, 172
-1275, 123, 802
-1361, 23, 1175
-,-,-
-1011, 29, 444
-1020, 0, 596
-963, -42, 461
-984, -45, 312
-1136, -38, 431
-1276, 41, 858
-1598, 55, 1290
-1560, -86, 1088
-1347, -99, 543
-1369, -84, 468
-1723, -104, 1066
-1998, -165, 1489
-1899, -261, 921
-1040, 54, 21
-78, 236, -795
-78, 236, -795
223, -16, -1373
338, -335, -1003
290, -344, -123
303, -228, 205
199, -174, -72
-243, 20, -158
-382, 164, 144
-446, 209, 134
-703, 321, -118
-,-,-
-779, -66, 174
-970, -45, 369
-970, -45, 369
-968, -1, 645
-948, 6, 548
-924, 0, 305
-903, -8, 209
-931, 0, 330
-931, 0, 330
-1086, 44, 583
-1265, 102, 880
-1449, 114, 1034
-1861, -133, 1346
-1903, -201, 1188
-1953, -134, 807
-1907, -130, 797
-1356, -48, 182
-637, 26, -443
54, 88, -657
205, -204, -736
210, -363, -248
264, -268, 127
373, -144, -17
131, -65, -451
131, -65, -451
-418, -5, -360
-796, 69, 149
-881, 162, 508
-977, 209, 685
-,-,-
-942, 32, 225
-1021, 99, 515
-1021, 99, 515
-931, 72, 653
-954, 56, 398
-971, 72, 295
-921, 58, 298
-985, 61, 360
-1172, 103, 685
-1172, 103, 685
-1566, 129, 1122
-1860, -15, 1433
-1921, -63, 1343
-1990, -70, 968
-1946, -54, 560
-1659, -3, 254
-826, 107, -218
-93, 47, -446
306, -49, -849
308, -259, -515
325, -270, -103
493, -168, -33
337, -157, -634
-465, -25, -697
-1022, 42, 222
-958, 87, 854
-958, 87, 854
-1026, 61, 773
-1360, -140, 789
-1588, -297, 1099
-1488, -242, 1099
-1269, -137, 771
-,-,-
-745, -27, 133
-947, -42, 290
-995, -58, 744
-917, -35, 732
-993, 0, 352
-991, -1, 215
-991, -1, 215
-1131, 14, 485
-1343, 72, 1045
-1737, -50, 1404
-1783, -203, 1332
-1724, -124, 913
-1990, -53, 921
-1867, -105, 710
-1251, -85, 131
-443, 8, -309
136, 84, -478
331, -112, -904
317, -248, -676
393, -179, -117
301, -122, -169
72, -83, -369
72, -83, -369
-481, 29, -308
-830, 128, 0
-981, 185, 343
-1199, 157, 724
-1512, 2, 795
-1696, -107, 864
-,-,-
-948, 27, 314
-1040, 60, 485
-945, 44, 562
-950, 27, 382
-958, 18, 299
-958, 18, 299
-978, 42, 398
-999, 33, 438
-1054, -2, 402
-1200, 31, 494
-1382, 36, 779
-1583, -155, 995
-1663, -145, 1020
-1902, -109, 1127
-1890, -134, 993
-1864, -111, 709
-1370, -70, 430
-754, 114, -23
-15, -5, -476
-15, -5, -476
160, -149, -705
513, -197, -637
599, -166, -427
539, -128, -374
388, 6, -233
-38, 110, -443
-809, 58, 11
-1006, 6, 900
-1006, 6, 900
-1253, 55, 1202
-1390, -147, 1079
-1596, -397, 1050
-1590, -427, 1050
-1418, -310, 771
-1194, -243, 562
-1089, -235, 475
-,-,-
-832, -76, 204
-1061, -118, 508
-1070, -80, 996
-990, -69, 848
-944, -19, 374
-944, -19, 374
-1282, -62, 571
-1538, -46, 1155
-1849, -60, 1475
-1998, -66, 1520
-1974, -97, 1148
-1539, -113, 260
-1012, -90, -193
-497, -144, -143
31, -351, -507
197, -418, -475
407, -320, -106
373, -124, -153
481, -70, -232
212, 57, -405
-402, 155, -392
-936, 73, 52
-1093, 110, 427
-,-,-
-956, 43, 422
-1075, 7, 593
-1135, -74, 511
-1396, -46, 771
-1588, -37, 1217
-1404, -192, 843
-1228, -123, 330
-1186, -61, 314
-1313, -29, 672
-1505, -116, 913
-1467, -175, 845
-1165, -132, 622
-671, -45, 104
-166, 0, -372
-166, 0, -372
128, -42, -867
237, -210, -482
201, -190, 140
121, -100, 207
-208, -197, -259
-804, -142, -191
-810, -14, 254
-944, 109, 417
-1284, 23, 572
-1632, -132, 890
-,-,-
-1256, 38, 492
-1398, 148, 1177
-1023, 166, 1010
-897, 55, 252
-1097, -90, 111
-1133, -113, 450
-1303, -138, 885
-1781, -229, 1303
-1866, -343, 1219
-1650, -363, 392
-859, -73, 104
-396, 298, -410
-85, 91, -526
32, -305, -131
31, -224, 237
202, -126, 10
196, -137, -372
196, -137, -372
-265, -157, -640
-537, 40, -531
-893, 279, -254
-1441, 145, 300
-1973, -85, 1280
-1771, -143, 1551
-1512, 105, 1244
-1483, 139, 739
-,-,-
-1675, -11, 1081
-1682, -158, 1325
-1224, -91, 612
-1140, 39, 49
-1477, 25, 526
-1367, -215, 782
-1305, -255, 545
-860, -48, 467
-363, 29, 81
-363, 29, 81
-9, -49, -582
124, -56, -442
203, -43, -28
181, -37, 20
181, -37, 20
-154, -114, -238
-620, -151, -150
-826, -95, 361
-948, -37, 647
-971, -60, 619
-1213, -108, 457
-1356, -139, 589
-1448, -132, 599
-1260, 109, 528
-,-,-
-880, -44, 12
-989, -145, 460
-989, -145, 460
-1064, -96, 621
-1288, -76, 606
-1414, -42, 757
-1477, -92, 742
-1535, -167, 518
-1720, -188, 733
-1885, -155, 1233
-1719, -113, 934
-1678, -88, 452
-1401, -158, 289
-948, -115, -134
-131, 20, -538
420, 0, -1027
523, -55, -804
492, -116, -309
304, -99, -145
-96, -58, -385
-617, -5, -420
-953, 135, -90
-,-,-
-844, 53, -13
-844, 53, -13
-1275, 150, 349
-1663, 102, 977
-1925, 29, 1685
-1656, 0, 1343
-1199, 15, 94
-915, 115, -417
-1056, 152, 81
-1411, -21, 1076
-1648, -245, 1491
-1517, -300, 1084
-1204, -125, 355
-779, -88, 38
-92, 2, -691
-92, 2, -691
247, -69, -1001
365, -106, -520
308, -29, -25
149, 47, 18
-,-,-
-957, 86, 103
-957, 86, 103
-1056, 152, 433
-1103, 167, 697
-1097, 122, 612
-1164, 113, 449
-1378, 84, 548
-1564, 6, 893
-1399, 8, 899
-1231, 42, 470
-1231, 42, 470
-1416, 27, 552
-1616, 25, 1054
-1266, -25, 688
-749, 28, -124
-386, 79, -393
-100, -27, -446
128, -103, -765
228, -10, -491
309, -50, -463
-330, -32, -850
-1195, 80, -297
-1701, 112, 1255
-1693, -53, 1638
-1569, -198, 1143
-1458, -53, 768
-1478, -2, 671
-,-,-
-771, 54, 105
-1014, 5, 246
-1115, -33, 702
-1161, 69, 773
-1389, 94, 945
-1570, -9, 1010
-1409, -98, 733
-1301, -27, 582
-1483, 38, 749
-1799, -68, 1131
-1992, -172, 1202
-1775, -86, 696
-1095, 118, 84
-147, 185, -777
434, 185, -1255
434, 151, -1255
705, 0, -808
535, -64, -309
600, -31, -52
364, 33, -424
-450, 3, -479
-1056, 26, 36
-1056, 26, 36
-1027, 192, 609
-1441, 194, 696
-1993, -227, 1531
-1971, -392, 1895
-1583, -242, 999
-1161, 30, 315
-1175, -58, 222
-,-,-
-886, -21, 537
-886, -21, 537
-1034, -98, 600
-952, 0, 594
-876, -1, 456
-1010, -5, 503
-1113, -25, 694
-1159, -20, 771
-1178, -65, 729
-1271, -55, 784
-1433, -90, 1069
-1585, -104, 1238
-1588, -118, 1039
-1436, -105, 722
-1015, -65, 168
-284, -16, -206
221, 43, -665
403, 12, -469
403, 12, -469
540, -73, -234
272, -203, -391
-464, -270, -470
-841, 7, 369
-943, 211, 1029
-1085, 28, 1050
-1235, -83, 876
-1303, -97, 917
-1250, -129, 802
-,-,-
-897, -71, 136
-897, -71, 136
-1210, -105, 584
-1163, -47, 956
-1070, -36, 685
-1266, -66, 605
-1696, -161, 1101
-1523, -328, 1058
-1246, -180, 350
-1309, -88, 658
-1566, -132, 1056
-1453, -193, 805
-988, -98, 229
-379, -47, -134
-22, -43, -304
256, -16, -448
415, -34, -216
412, 18, 75
46, -151, -165
-609, -195, -129
-637, -9, 323
-637, -9, 323
-651, 220, 338
-983, 110, 115
-1687, -131, 587
-1985, -222, 1660
-1856, -330, 1580
-,-,-
-887, 26, 287
-1147, -39, 475
-1412, -63, 1116
-1337, -33, 1319
-1304, -191, 650
-1305, -181, 533
-1154, -115, 577
-1151, -84, 324
-1487, -95, 951
-1880, -221, 1631
-1741, -340, 1097
-928, -88, 177
-74, 185, -502
225, 33, -976
414, -209, -691
228, -304, 154
177, -181, 305
177, -181, 305
-104, -105, -74
-426, -52, 256
-496, 54, 412
-561, 112, 134
-771, 132, 155
-1137, 80, 403
-1571, -92, 806
-1799, -246, 1195
-1800, -350, 1209
-,-,-
-771, -32, 177
-1052, -49, 178
-1228, -72, 857
-1475, -102, 1365
-1451, -136, 965
-1301, -86, 417
-1414, -73, 484
-1495, -141, 759
-1570, -161, 964
-1765, -182, 1162
-1514, -210, 708
-906, -130, 40
-159, 69, -731
210, 13, -989
210, 13, -989
416, -124, -749
297, -103, -158
85, -139, 5
-435, -17, 95
-605, 158, 695
-487, 140, 390
-812, 40, -311
-812, 40, -311
-1263, -36, 317
-1746, -71, 1094
-1939, -113, 1509
-,-,-
-934, 67, 385
-972, -63, 467
-1047, -159, 661
-1131, -172, 429
-1222, -159, 414
-1299, -81, 633
-1308, -82, 817
-1214, -72, 750
-1299, -68, 659
-1530, -117, 948
-1616, -257, 890
-1569, -282, 644
-1013, -154, 220
-462, -36, -167
208, 7, -752
208, 7, -752
321, -147, -713
233, -222, -268
114, -200, 32
-162, -95, -22
-389, -8, -78
-615, 138, -31
-909, 192, 16
-909, 192, 16
-1246, 188, 374
-1711, 52, 899
-1990, -153, 1365
-,-,-
-690, -79, -6
-690, -79, -6
-1017, -66, 83
-1261, -166, 909
-1200, -75, 1021
-1005, -22, 263
-933, -22, -100
-1052, -28, 124
-1411, -62, 713
-1887, -157, 1540
-1972, -163, 1607
-1748, -156, 849
-1474, -92, 47
-1297, -88, -149
-851, -88, 44
-428, -112, 100
-27, -25, -274
71, -84, -294
118, -180, -54
118, -180, -54
208, -61, 69
217, -29, -25
-46, -118, -355
-623, -91, -372
-917, 148, 235
-1102, 99, 835
-1462, -97, 893
-1670, -244, 1092
-1580, -245, 981
-1362, -4, 814
-,-,-
-824, -16, 228
-1076, 12, 422
-1089, -14, 703
-1009, 6, 719
-1111, -18, 411
-1330, -128, 592
-1433, -125, 865
-1316, -87, 854
-1108, -69, 413
-1124, -19, 292
-1492, -88, 987
-1965, -233, 1594
-1864, -298, 1134
-1213, -67, 96
-357, 182, -510
205, 74, -1084
508, -4, -813
508, -4, -813
379, -135, -54
287, -61, 309
113, -200, 16
-610, -296, -157
-802, -104, 203
-589, 140, 399
-933, 61, 68
-933, 61, 68
-1673, -274, 309
-1998, -338, 1595
-1675, -302, 1704
-1300, -130, 756
-,-,-
-805, -99, 311
-1050, -179, 303
-982, -214, 661
-954, -164, 479
-989, -121, 349
-947, -90, 256
-927, -90, 184
-927, -79, 184
-1127, -127, 441
-1383, -202, 905
-1736, -249, 1266
-1827, -273, 1318
-1706, -255, 871
-1529, -205, 462
-1145, -209, -46
-563, -217, -312
3, -137, -561
256, -66, -546
272, -85, -370
234, -24, -49
278, -18, -214
-209, 12, -812
-771, 98, -607
-1424, 113, 427
-1996, -159, 1382
-1956, -358, 1579
-1672, -266, 1011
-1480, -147, 398
-1248, 7, 71
-1236, -51, 173
-1189, -101, 410
-,-,-
-826, -72, 105
-1055, -102, 222
-1165, -190, 620
-1049, -146, 653
-1084, -62, 357
-1220, -170, 378
-1252, -205, 402
-1313, -175, 549
-1497, -153, 902
-1509, -157, 912
-1460, -173, 639
-1775, -261, 964
-1849, -307, 879
-1379, -161, 113
-705, 22, -173
27, 94, -655
293, -19, -845
473, -104, -383
534, -94, 1
397, -108, -564
397, -108, -564
-167, -162, -965
-861, -16, -611
-1369, 276, 474
-1708, 173, 1462
-1894, -186, 1723
-1623, -265, 1338
-1489, -160, 768
-1258, -99, 481
-,-,-
-1102, -55, 177
-1510, -135, 1141
-1414, -212, 1390
-1619, -215, 846
-1849, -126, 1047
-1775, -152, 987
-1560, -127, 272
-1536, -68, 635
-969, -98, 354
-204, -131, -472
269, -63, -715
394, -276, -347
330, -281, -135
279, -168, 0
279, -168, 0
76, -156, -327
-379, -135, -334
-443, 76, -327
-675, 366, -302
-1399, 213, 161
-1964, 51, 699
-1994, -232, 1531
-1825, -354, 1410
-1668, -158, 916
-1559, -45, 555
-1335, -32, 154
-1224, -18, -39
-,-,-
-1047, -111, 242
-1234, -82, 577
-1203, -93, 761
-1171, -171, 453
-1122, -139, 196
-1137, -108, 316
-1192, -105, 432
-1378, -152, 717
-1652, -227, 1124
-1900, -280, 1263
-1759, -313, 858
-1370, -123, 53
-908, -39, -204
-166, 36, -450
303, -45, -689
371, -184, -254
371, -184, -254
286, -185, 44
244, -183, -20
85, -130, -251
-302, -55, -329
-658, 38, -46
-950, -58, 171
-1385, -62, 665
-1395, -93, 1228
-1347, -92, 667
-1364, -147, 422
-1594, -254, 636
-1575, -139, 906
-1546, -62, 750
-1392, -21, 574
-1385, -151, 346
-1317, -158, 383
-,-,-
-1263, -49, 646
-1706, -212, 1216
-1727, -344, 1496
-1503, -198, 770
-1377, -119, 377
-1532, -20, 525
-1529, -195, 977
-1195, -263, 526
-610, -114, 140
-58, 54, -380
303, -141, -612
285, -308, -443
205, -120, 91
349, -28, 87
99, -75, -389
-553, -100, -434
-898, 14, 9
-898, 14, 9
-926, 176, 338
-1191, 27, 214
-1748, -158, 413
-1996, -417, 1212
-1610, -259, 1077
-1471, -81, 616
-1503, -111, 695
-1584, -128, 518
-1316, -84, 369
-1167, -140, 176
-1136, -156, 174
-1068, -153, 228
-,-,-
-953, -68, 199
-1449, -374, 612
-1759, -378, 1478
-1384, -246, 822
-965, -49, -125
-828, 60, -178
-1047, -69, 311
-1769, -318, 1597
-1998, -407, 1911
-1998, -480, 1009
-1532, -226, -98
-743, 11, -544
263, 127, -1208
441, -70, -1273
410, -302, -363
185, -238, 399
203, -314, 292
-35, -303, -161
-35, -303, -161
-366, -105, -337
-632, 149, -52
-885, 113, 268
-1464, -101, 596
-1690, -198, 1378
-1588, -196, 1343
-1481, -221, 826
-,-,-
-743, -75, 148
-821, -93, 215
-1013, -145, 311
-1132, -120, 637
-1237, -68, 818
-1303, 9, 949
-1657, -110, 950
-1587, -96, 1107
-1284, 9, 700
-1137, -35, 232
-1768, -177, 812
-1996, -294, 1528
-1750, -212, 1128
-943, 26, -169
-15, 228, -1001
277, 84, -871
476, -268, -193
476, -268, -193
446, -209, 339
318, -63, 341
48, -355, 187
-79, -352, -12
-182, -143, -143
-385, 59, 20
-753, 155, 132
-1160, 50, 319
-1160, 50, 319
-1406, -26, 697
-,-,-
-831, -73, 363
-831, -73, 363
-961, -128, 415
-939, -147, 490
-966, -143, 564
-1017, -144, 484
-1270, -131, 686
-1472, -183, 1082
-1541, -206, 1214
-1192, -161, 690
-1148, -88, 388
-1831, -218, 1305
-1998, -425, 1469
-1511, -288, 510
-451, 0, -422
373, 190, -1105
360, -105, -999
360, -377, -248
137, -259, 571
17, -345, 172
-310, -221, -50
-434, 9, 99
-478, 119, -59
-478, 119, -59
-751, 98, -209
-1339, 73, 268
-1906, -126, 1296
-1947, -408, 1782
-1680, -374, 1112
-1394, -252, 732
-1161, -216, 334
-1062, -201, 29
-,-,-
-796, -23, 84
-796, -23, 84
-1050, -84, 281
-1454, -152, 631
-1801, -217, 1286
-1927, -117, 1622
-1674, -145, 825
-1559, -43, 441
-1559, 11, 556
-1225, -82, 142
-971, -131, -197
-551, -142, -131
-237, -178, -140
-38, -194, -222
120, -119, -194
76, -89, -356
69, -69, -631
-459, 37, -933
-1195, 131, -203
-1852, 10, 1415
-1578, -177, 1661
-1305, -225, 644
-1148, -50, 155
-1470, -254, 365
-1453, -251, 444
-1353, -70, 423
-1223, 5, 304
-1223, 5, 304
-1097, -74, 202
-1120, -91, 218
-,-,-
-673, 69, 141
-707, -98, -247
-1078, -160, -13
-1236, -230, 587
-1215, -64, 702
-1224, 108, 513
-1508, 30, 499
-1846, -43, 850
-1729, -100, 876
-1799, -116, 771
-1998, -124, 1089
-1998, -96, 972
-1943, -362, 306
-1281, -33, -467
-460, 27, -763
389, 143, -1487
719, -17, -1514
394, -75, -738
394, -75, -738
271, -193, -45
-429, -253, -42
-666, -78, 520
-517, 142, 517
-683, 152, -83
-1282, -175, 137
-1499, -210, 1049
-1295, -188, 490
-1264, -3, 297
-1574, -124, 426
-1827, -212, 671
-1882, -286, 893
-1757, -315, 844
-,-,-
-1034, -44, 470
-1437, -139, 610
-1710, -202, 945
-1871, -277, 1137
-1773, -231, 768
-1573, -165, 240
-1480, -98, 408
-1487, -35, 623
-1541, -55, 728
-1408, -127, 734
-1290, -185, 447
-830, -36, -12
-439, -32, -297
262, 2, -693
469, -1, -639
469, -1, -639
541, -147, -369
207, -79, -374
-133, -178, -836
-1035, 23, -368
-1500, -92, 1214
-1392, -392, 1339
-1205, -268, 560
-1210, -259, 272
-1436, -329, 268
-1333, -251, 588
-,-,-
-762, 21, 631
-850, 60, 677
-705, 27, 597
-705, 27, 597
-757, 11, 686
-862, 22, 864
-965, 12, 985
-1045, -16, 1166
-1133, -28, 1307
-1058, -52, 1314
-1111, -38, 1160
-1072, 75, 1017
-656, -51, 793
-530, -25, 685
-290, -44, 599
-290, -44, 599
-70, -84, 379
130, -92, -25
-,-,-
-606, -52, 394
-898, 6, 640
-1126, 77, 849
-892, 71, 873
-703, 17, 871
-847, 12, 789
-1151, -18, 811
-1151, -18, 811
-1401, 103, 1208
-1227, 120, 1377
-1238, 171, 1251
-862, 88, 919
-552, 97, 484
-155, 11, 98
-,-,-
-1195, 153, 736
-807, -42, 514
-847, 54, 671
-789, 252, 924
-789, 252, 924
-874, 318, 708
-807, 387, 750
-856, 370, 770
-1006, 298, 1047
-1387, 317, 1382
-1353, 372, 1513
-1092, 289, 1145
-1233, 388, 996
-514, 160, 444
38, -78, -90
127, 2, -280
361, -101, -206
361, -101, -206
436, -189, -85
292, -241, -77
-204, -164, -263
-542, -99, 12
-827, -32, 883
-1001, 140, 1351
-768, 244, 1552
-,-,-
-612, 92, 945
-612, 92, 945
-608, 60, 651
-775, 32, 644
-769, 63, 659
-740, 132, 789
-746, 139, 863
-845, 105, 852
-845, 105, 852
-1027, 163, 1129
-1223, 249, 1406
-1242, 196, 1344
-1374, 171, 1522
-1521, 157, 1592
-1075, 45, 814
-412, -84, 216
-142, -72, -54
164, -199, -238
421, -344, -327
538, -190, -309
474, -160, -408
3, -340, -649
-1297, -342, 139
-1729, 166, 1710
-919, 431, 1983
-399, 251, 1568
-639, 179, 992
-,-,-
-660, 18, 717
-665, -7, 670
-665, -7, 670
-692, -34, 734
-765, -9, 784
-794, 55, 889
-863, 139, 1020
-1055, 256, 1350
-1255, 227, 1700
-1340, 119, 1797
-1124, -20, 1121
-979, 22, 610
-944, -128, 903
-648, -296, 796
-222, -198, 386
163, -13, 6
163, -13, 6
501, -151, -495
509, -180, -475
408, -200, -244
-54, -353, -258
-1132, -183, 282
-1026, 143, 1253
-210, 261, 855
-264, 108, 225
-1338, 52, 405
-1550, 356, 1753
-1130, 396, 1827
-810, 201, 1410
-,-,-
-736, 53, 598
-736, 53, 598
-864, 133, 1126
-999, 149, 1091
-1059, 96, 1063
-911, 100, 930
-896, 145, 878
-1167, 209, 1240
-1342, 217, 1586
-1398, 203, 1519
-1303, 239, 1378
-1289, 189, 1084
-1094, 85, 827
-410, -180, 318
84, -201, -203
463, -133, -541
598, -260, -482
596, -233, -654
606, -185, -640
606, -185, -640
204, -104, -730
-724, -149, -558
-1547, -184, 1037
-1043, -66, 1393
-677, 87, 715
-,-,-
-805, 133, 470
-945, 111, 679
-980, 150, 1004
-980, 150, 1004
-895, 130, 844
-889, 135, 659
-1186, 161, 944
-1397, 197, 1388
-1582, 227, 1447
-1931, 359, 1636
-1558, 341, 1284
-1125, 265, 452
-342, -60, -69
238, -180, -795
259, -157, -306
173, -439, 240
385, -402, -50
582, -211, -330
322, -188, -519
-851, -68, -357
-1204, 112, 1386
-631, 99, 1471
-573, 93, 918
-573, 93, 918
-1046, 18, 1097
-1186, 78, 1450
-,-,-
-847, -49, 788
-723, -55, 742
-723, -55, 742
-556, -25, 352
-864, 18, 524
-1210, 38, 1450
-1336, -20, 1682
-1282, -3, 998
-1338, -18, 999
-1541, 38, 1855
-1586, 181, 1404
-1621, 109, 1146
-1137, 64, 607
-155, -112, -508
397, -193, -920
276, -285, -435
280, -439, -2
353, -302, -8
353, -302, -8
384, -132, -378
-307, 26, -725
-1821, -122, 1004
-1517, -399, 1998
-555, -36, 1236
-315, 233, 495
-703, 150, 528
-,-,-
-657, -213, 513
-813, -187, 535
-1058, -120, 1141
-1244, -167, 1416
-1268, -197, 1350
-1140, -148, 890
-1315, -80, 1185
-1359, 52, 1461
-1440, -54, 1530
-1053, -122, 855
-579, -242, 172
-67, -282, -365
262, -267, -499
381, -286, -112
463, -145, -189
175, 218, -87
114, 252, 204
-68, -215, -144
-1170, -755, 157
-1998, -641, 1751
-1751, -249, 1764
-918, 110, 943
-568, 85, 631
-,-,-
-729, -58, 634
-783, -58, 675
-809, -66, 728
-775, -96, 736
-775, -96, 736
-750, -107, 708
-752, -114, 693
-818, -124, 706
-987, -52, 969
-1021, -46, 1216
-1071, -45, 1273
-1162, -71, 1542
-1140, -75, 1395
-1010, 25, 996
-780, -56, 602
-400, -213, 129
-48, -366, -69
66, -419, -68
232, -427, -129
281, -356, -225
80, -178, -149
80, -178, -149
-455, -34, 147
-822, -161, 701
-1142, -48, 1482
-1033, -32, 1857
-912, -79, 1497
-888, -141, 1114
-,-,-
-650, -35, 847
-782, -93, 888
-811, -76, 973
-715, -86, 865
-713, -144, 794
-969, -177, 1070
-1314, -105, 1633
-1162, -86, 1655
-965, -63, 1048
-930, -20, 823
-812, -190, 625
-395, -279, 557
273, -318, 121
273, -318, 121
380, -302, -52
333, -412, -22
514, -372, -137
363, -325, 24
-24, -105, 96
-598, 22, 682
-525, 31, 1000
-556, -104, 887
-556, -104, 887
-696, -185, 1041
-787, -144, 991
-815, -69, 980
-,-,-
-818, -177, 932
-917, -180, 979
-826, -204, 976
-754, -253, 744
-785, -276, 746
-861, -274, 912
-1085, -213, 1234
-1241, -121, 1478
-1096, -107, 1031
-1021, -381, 931
-840, -617, 736
64, -170, 207
199, -167, -99
228, -427, -113
380, -441, -175
301, -377, -68
81, -377, 260
81, -229, 260
-55, -207, 285
-471, -353, 484
-796, -426, 929
-894, -243, 1281
-781, -223, 1213
-,-,-
-744, -322, 691
-843, -318, 873
-859, -292, 899
-841, -332, 843
-809, -344, 721
-795, -389, 643
-770, -399, 692
-770, -399, 692
-828, -462, 755
-1102, -481, 1128
-1250, -463, 1506
-1322, -375, 1518
-906, -232, 626
-390, -182, 123
-390, -182, 123
-,-,-
-612, -535, 868
-630, -498, 947
-600, -460, 929
-605, -482, 918
-526, -481, 748
-516, -533, 680
-540, -573, 829
-589, -565, 936
-755, -640, 1090
-1071, -637, 1387
-1418, -583, 1781
-1128, -380, 1236
-341, -297, 235
-2, -451, 38
81, -767, -304
723, -695, -352
646, -719, -69
526, -604, 63
526, -604, 63
322, -579, 237
-30, -473, 457
-56, -398, 697
42, -361, 675
87, -402, 445
-241, -609, 375
-,-,-
-169, -801, 522
-164, -759, 601
-202, -774, 610
-246, -838, 674
-369, -869, 816
-264, -818, 849
-155, -807, 660
-202, -918, 635
-202, -918, 635
-246, -900, 678
-312, -912, 693
-552, -1060, 842
-907, -965, 1398
-969, -773, 1941
-708, -594, 1127
-295, -300, 681
76, -331, 55
484, -307, -686
727, -227, -434
732, -199, -278
645, -158, -93
469, -234, 131
134, -411, 206
-4, -628, 198
-444, -628, 411
-444, -703, 411
-858, -599, 996
-993, -581, 1681
-949, -592, 1950
-,-,-
-309, -573, 675
-309, -573, 675
-264, -608, 710
-291, -618, 755
-377, -696, 808
-500, -750, 936
-496, -723, 1040
-452, -707, 902
-517, -717, 963
-671, -662, 1191
-850, -617, 1528
-782, -583, 1458
-563, -510, 948
-377, -480, 666
10, -484, 176
393, -449, -252
611, -470, -333
651, -337, -227
615, -256, -105
545, -275, 57
340, -512, -93
340, -512, -93
-233, -857, 11
-511, -753, 688
-,-,-
-329, -786, 704
-466, -752, 1173
-515, -762, 1313
-496, -886, 1093
-463, -874, 896
-333, -857, 773
-378, -949, 767
-460, -804, 917
-297, -627, 696
-65, -637, 543
126, -683, 413
-,-,-
484, -897, -191
546, -844, -238
598, -713, -222
572, -589, -123
535, -465, -70
243, -504, -177
-,-,-
-201, -780, 471
-215, -800, 541
-170, -745, 441
-107, -670, 395
-139, -691, 536
-185, -730, 506
-262, -825, 572
-415, -951, 810
-415, -951, 810
-582, -921, 1095
-608, -962, 1143
-866, -1009, 1276
-913, -803, 1061
-858, -502, 924
-,-,-
514, -746, -608
384, -757, -528
203, -928, -401
393, -941, -228
457, -900, 54
401, -827, 206
401, -827, 206
420, -629, 158
-24, -757, 12
-252, -808, 557
-142, -627, 819
-208, -520, 900
-,-,-
-55, -778, 371
-92, -812, 222
-92, -812, 222
-97, -778, 217
-148, -729, 385
-248, -714, 620
-345, -793, 772
-449, -880, 897
-776, -985, 1185
-995, -1115, 1450
-1153, -1145, 1606
-1104, -972, 1418
-809, -747, 869
-480, -516, 338
-43, -482, -114
405, -564, -661
599, -628, -978
588, -646, -778
573, -571, -510
475, -588, -251
324, -679, -122
-310, -996, 162
-484, -1013, 677
-441, -740, 1097
-422, -604, 1223
-,-,-
-378, -754, 769
-509, -893, 1044
-721, -907, 1250
-714, -992, 1339
-412, -995, 605
-186, -820, 347
-157, -757, 306
-231, -730, 407
-284, -666, 682
-608, -609, 1058
-752, -887, 1225
-642, -1082, 953
-,-,-
-582, -907, 1186
-83, -715, 926
45, -504, 598
-85, -509, 592
-,-,-
-466, -804, 818
-440, -730, 990
-440, -730, 903
-489, -781, 903
-651, -907, 1043
-714, -1020, 1245
-749, -1124, 1232
-802, -730, 693
-802, -730, 693
-127, -481, 154
320, -572, -615
302, -661, -600
342, -671, -459
549, -546, -397
458, -477, -167
292, -398, -304
100, -463, -408
-246, -592, -57
-411, -686, 368
-867, -885, 748
-1037, -917, 1502
-942, -926, 1532
-,-,-
-547, -742, 646
-789, -736, 1049
-918, -787, 1251
-716, -826, 976
-723, -870, 653
-853, -948, 908
-1105, -991, 1338
-1497, -948, 1340
-805, -707, 960
-553, -468, 210
-370, -453, 229
-38, -415, -385
-38, -415, -385
356, -646, -887
373, -677, -473
445, -603, -299
392, -457, -256
278, -405, -141
-274, -677, 56
-435, -727, 772
-393, -746, 1008
-389, -801, 747
-385, -792, 558
-576, -858, 579
-,-,-
-843, -747, 1102
-899, -795, 1388
-948, -909, 1144
-883, -989, 1072
-894, -1037, 995
-1150, -1189, 1116
-1121, -733, 1149
-367, -478, 211
-64, -530, -400
126, -653, -682
395, -682, -847
500, -575, -364
503, -457, -143
503, -457, -143
404, -443, -187
233, -603, -291
48, -623, -39
-83, -569, -29
-362, -702, 124
-726, -666, 787
-725, -694, 1123
-652, -655, 1118
-780, -666, 1010
-,-,-
-389, -691, 510
-389, -691, 510
-586, -751, 720
-925, -832, 1255
-1002, -859, 1428
-847, -830, 1168
-953, -973, 968
-894, -1032, 795
-706, -949, 628
-799, -737, 913
-550, -543, 532
70, -576, -256
300, -763, -768
397, -870, -826
552, -724, -694
495, -602, -457
422, -457, -251
98, -567, -185
-436, -664, 477
-234, -544, 873
-49, -419, 424
-173, -509, 126
-286, -786, -24
-718, -896, 119
-718, -896, 119
-1017, -755, 625
-1115, -617, 1291
-1353, -642, 1737
-,-,-
-1166, -682, 1215
-1330, -789, 1834
-1366, -916, 1618
-1470, -1046, 952
-975, -983, 400
-489, -612, -115
-266, -517, -78
220, -465, -376
500, -485, -684
551, -724, -753
454, -608, -299
383, -569, -227
383, -569, -227
245, -597, 188
231, -527, 173
328, -413, -287
-26, -411, -442
-391, -613, -214
-749, -734, 509
-620, -742, 495
-736, -854, 514
-1566, -857, 1237
-,-,-
-630, -742, 637
-505, -770, 490
-656, -840, 645
-737, -852, 743
-630, -790, 588
-606, -796, 542
-592, -849, 478
-570, -943, 434
-674, -1047, 681
-877, -1124, 960
-996, -1046, 1093
-1067, -992, 1027
-1074, -852, 980
-1096, -687, 856
-698, -620, 264
-94, -596, -536
271, -600, -782
419, -718, -809
697, -664, -694
697, -664, -694
822, -548, -600
714, -423, -379
633, -318, -217
440, -310, -266
316, -405, -322
-106, -553, -126
-393, -749, 268
-643, -819, 877
-646, -1037, 1179
-416, -1086, 982
-660, -1077, 756
-981, -1054, 1113
-,-,-
-357, -742, 450
-460, -749, 702
-531, -787, 748
-534, -829, 644
-625, -923, 683
-678, -930, 718
-543, -867, 577
-546, -881, 626
-679, -963, 722
-711, -971, 824
-735, -969, 902
-760, -998, 811
-889, -960, 925
-1018, -769, 1226
-918, -611, 1074
-519, -609, 425
-320, -703, -147
-,-,-
560, -731, -305
613, -718, -271
538, -477, -151
538, -477, -151
571, -293, -161
623, -361, -215
411, -533, -286
23, -759, -165
-161, -682, 118
-340, -503, 462
-394, -660, 543
-592, -1262, 829
-935, -1140, 1068
-781, -892, 1270
-595, -807, 900
-465, -786, 546
-503, -874, 525
-638, -882, 699
-,-,-
-376, -732, 433
-370, -736, 454
-442, -788, 568
-522, -871, 576
-687, -889, 833
-709, -912, 797
-667, -944, 826
-659, -989, 813
-739, -1047, 807
-850, -1086, 1009
-935, -947, 1183
-1014, -725, 1111
-1126, -775, 916
-833, -696, 552
-319, -734, -372
-5, -599, -292
-,-,-
849, -607, -669
690, -533, -520
698, -437, -359
736, -243, -375
512, -328, -621
42, -523, -671
-545, -748, -227
-956, -719, 818
-955, -900, 1460
-808, -927, 1620
-647, -1012, 907
-812, -1206, 499
-920, -1068, 693
-851, -854, 906
-,-,-
-366, -767, 454
-343, -879, 363
-372, -849, 408
-394, -785, 497
-409, -814, 595
-448, -846, 567
-542, -963, 630
-659, -1064, 815
-672, -1094, 884
-709, -1086, 950
-671, -1027, 863
-538, -920, 603
-592, -829, 819
-793, -885, 955
-746, -868, 1051
-478, -731, 447
-205, -777, -193
307, -680, -519
772, -591, -709
815, -613, -544
815, -613, -544
744, -460, -350
704, -361, -355
705, -248, -232
564, -310, -276
383, -553, -386
-126, -848, -100
-291, -726, 664
-421, -723, 1034
-319, -731, 1040
-230, -775, 523
-514, -1244, 503
-933, -1184, 1153
-850, -932, 1357
-,-,-
-235, -932, 390
-362, -928, 737
-323, -880, 783
-323, -880, 512
-265, -937, 512
-539, -1121, 686
-730, -1148, 940
-595, -1066, 925
-567, -1043, 848
-649, -1006, 874
-1004, -1076, 1196
-882, -746, 729
-644, -812, 169
-,-,-
593, -470, -960
676, -477, -661
768, -367, -368
798, -387, -334
663, -503, -178
513, -539, -245
222, -592, -188
-101, -776, 358
-101, -776, 358
-95, -710, 607
-10, -615, 468
-,-,-
-248, -777, 305
-245, -779, 486
-314, -808, 472
-345, -865, 481
-358, -922, 574
-463, -1026, 634
-573, -1083, 699
-547, -1055, 734
-663, -1091, 787
-767, -1084, 891
-892, -1058, 1149
-904, -984, 1259
-1108, -906, 1160
-1192, -956, 799
-685, -704, 190
101, -626, -701
141, -664, -628
-,-,-
683, -699, -446
738, -835, -208
690, -733, -288
548, -662, -340
621, -391, -136
469, -193, -358
136, -489, -419
-216, -646, -76
-565, -642, 470
-490, -691, 673
-820, -951, 950
-1172, -1403, 1385
-1282, -1329, 1746
-907, -1011, 1494
-586, -819, 770
-408, -769, 349
-,-,-
-320, -848, 395
-445, -850, 559
-368, -738, 689
-278, -738, 571
-278, -737, 571
-287, -781, 451
-472, -895, 545
-765, -973, 979
-726, -875, 1213
-516, -882, 821
-784, -1088, 986
-1099, -1224, 1321
-963, -1045, 1070
-797, -885, 627
-,-,-
737, -578, -248
719, -435, 126
742, -432, 67
503, -427, -133
352, -348, -1
335, -301, -93
-41, -666, 74
-412, -845, 702
-573, -882, 1016
-604, -907, 1124
-,-,-
-777, 436, 355
-777, 401, 143
-905, 463, 221
-905, 463, 221
-968, 579, 457
-1139, 712, 688
-1629, 926, 1136
-1716, 846, 1347
-1606, 596, 1201
-1793, 541, 1154
-1682, 442, 1011
-1196, 290, 503
-521, 302, -67
-92, 429, -391
195, 444, -569
364, 252, -634
449, 107, -530
335, -151, -634
-417, 255, -711
-1008, 1182, -312
-804, 820, 125
-1143, 237, 463
-1302, 439, 1178
-1328, 640, 1415
-,-,-
-864, 348, 337
-849, 358, 290
-699, 330, 249
-793, 352, 220
-913, 493, 376
-952, 500, 439
-952, 500, 439
-1267, 596, 791
-1411, 746, 1027
-1537, 842, 1237
-1787, 798, 1375
-1616, 378, 1332
-1327, -27, 789
-1251, 156, 182
-682, 461, -219
98, 405, -453
349, 179, -612
257, 183, -408
224, 322, -373
-38, 132, -355
-421, 197, -418
-1076, 538, -180
-1296, 669, 494
-,-,-
-724, 354, 222
-656, 263, -55
-777, 403, 353
-683, 342, 280
-739, 259, 274
-866, 368, 431
-866, 368, 431
-947, 427, 461
-1273, 657, 860
-1552, 970, 1452
-1538, 850, 1381
-1733, 406, 1349
-1618, 45, 982
-1435, 129, 517
-1143, 264, 368
-547, 332, -69
59, 377, -629
331, 364, -682
353, 228, -628
303, 193, -545
303, 193, -545
-221, 149, -482
-970, 900, -171
-812, 599, -45
-1008, 51, 120
-1350, 311, 599
-,-,-
-681, 222, -15
-864, 241, 209
-856, 266, 95
-856, 266, 95
-925, 353, 298
-1026, 501, 597
-1041, 486, 514
-1305, 534, 747
-1591, 808, 1000
-1650, 913, 863
-1719, 684, 1143
-1615, 246, 674
-1555, 216, 288
-1299, 374, 290
-764, 222, 112
-194, 52, -431
70, 251, -635
70, 251, -635
236, 274, -562
168, 349, -515
-116, 525, -426
-471, 626, -358
-772, 366, -106
-698, 63, 121
-922, 75, 265
-1304, 276, 548
-,-,-
-808, 213, -155
-933, 326, -4
-828, 440, 129
-828, 440, 129
-806, 446, 121
-865, 389, 439
-1034, 320, 468
-1340, 461, 579
-1581, 640, 822
-1549, 666, 827
-1513, 569, 675
-1576, 557, 743
-1423, 378, 535
-1233, 129, 297
-885, 128, 96
-495, 205, -142
-165, 257, -363
50, 266, -665
50, 266, -665
121, 275, -460
-108, 485, -304
-111, 418, -411
-527, 315, -446
-1021, 409, -68
-1185, 642, 278
-1206, 615, 860
-1276, 387, 1055
-1360, 303, 784
-,-,-
-1022, 340, -116
-1084, 620, 141
-939, 661, 304
-795, 483, 305
-795, 483, 305
-1029, 354, 309
-1273, 340, 424
-1529, 520, 612
-1572, 665, 739
-1532, 643, 736
-1623, 612, 600
-1622, 609, 536
-1504, 440, 346
-1203, 214, 208
-814, 20, 139
-605, 124, -9
-283, 170, -469
-15, 356, -728
-15, 356, -728
266, 362, -614
112, 358, -544
-352, 692, -349
-309, 555, -314
-637, 230, -210
-958, 444, 374
-1186, 590, 838
-1388, 710, 1062
-,-,-
-946, 284, -167
-927, 532, 14
-881, 704, 323
-960, 644, 314
-1059, 509, 351
-1392, 459, 464
-1734, 708, 890
-1789, 870, 1035
-1654, 711, 1020
-1671, 487, 704
-1453, 190, 274
-1453, 190, 274
-1223, 30, -56
-,-,-
46, 253, -594
46, 253, -573
150, 207, -573
-54, 379, -494
-190, 386, -378
-521, 401, -403
-835, 543, -125
-978, 811, 220
-1113, 593, 796
-1256, 274, 768
-1314, 264, 623
-1362, 440, 607
-,-,-
-763, 188, -71
-1011, 232, -106
-1096, 559, 182
-883, 662, 376
-902, 565, 342
-1188, 520, 381
-1188, 520, 381
-1418, 599, 460
-1520, 744, 637
-1607, 802, 779
-1622, 743, 829
-1643, 538, 569
-1496, 318, 348
-1108, 127, 219
-807, 87, 13
-560, 210, -386
-19, 401, -573
224, 497, -584
262, 369, -540
270, 235, -552
270, 235, -552
89, -122, -771
-579, 120, -556
-1093, 472, 29
-1326, 724, 568
-1369, 1030, 655
-,-,-
-876, 323, -16
-901, 449, 43
-796, 534, 42
-796, 534, 42
-702, 495, 45
-921, 433, 233
-1176, 500, 327
-1367, 676, 538
-1547, 783, 939
-1604, 759, 1003
-1762, 667, 793
-1735, 485, 588
-1505, 236, 396
-1305, 198, 185
-873, 135, -116
-,-,-
-157, 338, -664
40, 602, -589
167, 615, -391
91, 586, -216
-61, 512, -271
-176, 349, -456
-354, 92, -498
-650, -56, -329
-1257, 227, 22
-,-,-
-1035, 392, 66
-885, 498, -131
-879, 573, 18
-978, 580, 273
-1178, 701, 417
-1213, 693, 585
-1460, 644, 677
-1616, 689, 811
-1662, 759, 704
-1427, 593, 512
-1293, 342, 281
-1293, 342, 281
-997, 151, 22
-598, 86, -284
-261, 174, -695
49, 411, -717
207, 495, -563
107, 556, -406
32, 394, -439
-374, 388, -300
-723, 557, -145
-895, 636, 209
-895, 636, 209
-913, 807, 364
-855, 487, 657
-1071, 178, 545
-,-,-
-694, 211, -200
-864, 298, -126
-1026, 551, 37
-1281, 823, 262
-1206, 865, 476
-1256, 699, 533
-1680, 662, 571
-1921, 843, 783
-1828, 771, 843
-1684, 387, 598
-1520, 109, 90
-1264, 229, -65
-865, 312, 26
-422, 146, -256
-422, 146, -256
-29, 254, -675
159, 463, -781
284, 551, -691
187, 539, -610
18, 539, -681
-194, 461, -567
-474, 284, -402
-747, 199, -136
-1129, 434, 197
-1515, 848, 551
-1396, 895, 869
-1253, 689, 818
-1307, 539, 531
-,-,-
-864, 252, -244
-864, 252, -244
-951, 395, -167
-1027, 655, 148
-907, 734, 195
-962, 638, 279
-1319, 559, 457
-1769, 633, 672
-1797, 724, 809
-1639, 527, 540
-1590, 380, 379
-1339, 411, 311
-1108, 412, 147
-775, 159, -68
-453, 120, -310
-216, 254, -574
111, 485, -839
111, 485, -839
321, 530, -934
238, 608, -940
-75, 517, -831
-538, 475, -370
-916, 697, 83
-954, 869, 179
-988, 723, 315
-1098, 304, 495
-,-,-
-1032, 424, -133
-1069, 760, -1
-1069, 760, -1
-1066, 960, 204
-996, 822, 433
-1178, 517, 403
-1546, 469, 486
-1677, 717, 842
-1650, 926, 1012
-1775, 871, 899
-1762, 500, 689
-1448, 114, 178
-922, -103, -756
-350, 86, -1212
-5, 333, -1170
245, 568, -676
190, 685, -353
77, 515, -234
77, 515, -234
-64, 291, -439
-426, 187, -489
-1051, 491, 7
-1095, 692, 521
-,-,-
-875, 410, -56
-707, 421, 124
-880, 484, -55
-1037, 525, 164
-963, 433, 100
-1057, 433, 190
-1057, 417, 190
-1368, 587, 504
-1734, 931, 868
-1741, 1220, 1000
-1559, 1074, 790
-1708, 388, 657
-1658, -5, 29
-1183, 223, -161
-546, 241, -417
-227, 96, -719
55, 168, -982
231, 406, -838
248, 660, -865
2, 615, -637
2, 615, -637
-506, 545, -235
-709, 717, 43
-637, 800, 277
-951, 377, 210
-1440, 259, 550
-1393, 543, 695
-1199, 595, 634
-1256, 518, 578
-1180, 563, 447
-1002, 599, 229
-953, 523, 216
-953, 523, 216
-,-,-
-869, 261, 53
-783, 265, -75
-1025, 427, 53
-1077, 576, 186
-923, 613, 257
-1016, 595, 383
-1375, 694, 598
-1658, 705, 836
-1658, 705, 836
-1961, 574, 1113
-1991, 519, 1180
-1817, 487, 757
-1486, 150, 343
-1209, -119, 118
-802, 124, -452
-370, 366, -692
-34, 412, -831
231, 478, -794
257, 460, -690
46, 473, -633
-180, 467, -591
-700, 607, -426
-935, 457, -20
-937, 366, 260
-949, 425, 425
-949, 425, 425
-1076, 304, 625
-,-,-
-1180, 329, -23
-1219, 566, 32
-925, 639, 140
-909, 524, 364
-909, 524, 364
-1223, 540, 557
-1414, 642, 648
-1436, 508, 623
-1637, 570, 865
-1636, 841, 945
-1563, 776, 596
-1288, 172, 324
-844, -134, -63
-691, 40, -453
-349, 210, -640
38, 270, -891
61, 453, -799
61, 453, -799
-103, 652, -767
-280, 845, -632
-500, 597, -418
-771, 148, -143
-994, 105, 199
-,-,-
-1082, 185, -111
-1203, 551, 75
-924, 644, 62
-970, 508, 155
-970, 508, 155
-1254, 619, 495
-1433, 833, 667
-1653, 864, 708
-1750, 875, 894
-1796, 735, 751
-1761, 386, 397
-1345, 33, 385
-1232, -177, 147
-816, -23, -111
-384, -37, -709
-41, 192, -1185
-69, 396, -1111
-112, 669, -1009
-222, 765, -839
-448, 590, -605
-894, 418, -300
-1100, 520, 7
-1100, 520, 7
-1138, 736, 340
-1022, 353, 1032
-1223, 130, 908
-1319, 321, 800
-,-,-
-948, 281, -249
-1098, 385, -197
-1380, 882, 97
-1465, 1300, 674
-1239, 1117, 1058
-1838, 803, 973
-1998, 626, 1072
-1798, 272, 773
-1589, -197, 205
-1374, 59, -48
-844, 387, -295
-477, 348, -973
57, 318, -1155
75, 418, -1185
75, 418, -1185
-105, 669, -966
-117, 817, -725
-188, 607, -694
-577, 440, -469
-864, 312, -131
-1087, 445, 109
-1251, 539, 443
-1196, 307, 993
-1315, 307, 922
-,-,-
-980, 330, -42
-1151, 486, 77
-1246, 737, 302
-1192, 793, 395
-1241, 735, 643
-1562, 689, 784
-1765, 864, 989
-1747, 805, 954
-1537, 431, 632
-1385, 13, 304
-1039, -80, -14
-745, 63, -534
-745, 63, -534
-323, 213, -1133
61, 442, -1299
15, 699, -1073
-23, 868, -830
-61, 737, -733
-316, 395, -780
-685, 133, -625
-1156, 405, 8
-1242, 684, 415
-1207, 384, 949
-1339, 162, 835
-1451, 405, 870
-1339, 617, 784
-,-,-
-1093, 548, 5
-1140, 684, 230
-1288, 846, 530
-1478, 832, 746
-1567, 648, 835
-1567, 648, 759
-1799, 528, 759
-1915, 731, 934
-1746, 668, 950
-1398, 141, 533
-1054, -223, -26
-715, 52, -769
-472, 498, -1245
-14, 622, -1386
357, 686, -1205
241, 707, -971
62, 806, -733
-65, 732, -549
-298, 317, -575
-697, 9, -366
-1022, 31, 63
-1022, 31, 63
-1465, 620, 384
-1343, 832, 682
-1230, 549, 946
-1241, 397, 710
-1174, 450, 541
-,-,-
-1203, 549, 1
-1037, 535, 128
-1216, 688, 428
-1385, 819, 606
-1470, 760, 791
-1865, 698, 1021
-1819, 530, 999
-1626, 32, 436
-1626, 32, 436
-1557, -96, 194
-1194, 318, 19
-906, 448, -232
-377, 106, -789
-145, 264, -1214
-43, 555, -1201
-29, 816, -1109
-21, 725, -950
-190, 683, -873
-466, 431, -718
-922, 338, -333
-1187, 370, 148
-1430, 600, 376
-1298, 554, 1107
-1365, 312, 1182
-1412, 512, 922
-1255, 641, 666
-1182, 528, 346
-,-,-
-1353, 609, 390
-1426, 711, 708
-1651, 899, 1086
-1782, 1078, 1083
-1889, 983, 824
-1814, 712, 781
-1501, -47, 637
-1206, -345, 50
-876, -16, -671
-472, 303, -1232
62, 515, -1503
62, 515, -1503
253, 666, -1243
99, 742, -1118
-83, 638, -978
-502, 542, -646
-798, 449, -282
-897, 242, 49
-1138, 238, 318
-1322, 490, 519
-1355, 472, 972
-1419, 500, 979
-,-,-
-1576, 1038, 851
-1832, 587, 860
-1994, 342, 1127
-1839, 156, 532
-1411, -97, -147
-732, -94, -842
-313, 300, -1564
330, 585, -1582
188, 719, -1385
131, 787, -1013
-47, 894, -827
-58, 654, -736
-215, 308, -741
-637, 190, -545
-1181, 304, -21
-1263, 472, 367
-1251, 703, 444
-1371, 749, 1034
-1465, 594, 938
-1578, 708, 836
-1578, 708, 836
-1360, 639, 554
-1386, 404, 259
-1361, 462, 303
-1174, 588, 303
-1003, 653, 195
-870, 671, 192
-825, 663, 136
-826, 606, 130
-,-,-
-1041, 254, 105
-1094, 418, 174
-1050, 433, 464
-1234, 414, 595
-1366, 472, 587
-1366, 472, 587
-1807, 538, 961
-1925, 524, 1312
-1832, 371, 994
-1771, 243, 603
-1508, 78, 347
-999, -1, -22
-482, 92, -329
-100, 208, -644
213, 441, -906
244, 616, -910
186, 695, -707
102, 606, -651
102, 606, -651
-111, 634, -739
-574, 552, -592
-956, 221, -248
-1184, -28, 131
-,-,-
-969, 158, -14
-1212, 422, 206
-1212, 422, 206
-1247, 610, 352
-1248, 625, 528
-1467, 580, 757
-1815, 619, 724
-1780, 539, 691
-1905, 272, 703
-1855, 311, 861
-1581, 154, 586
-1183, -119, 168
-807, 16, -118
-495, 245, -680
-175, 413, -1007
205, 423, -1319
183, 764, -1028
31, 947, -773
-130, 908, -567
-309, 595, -502
-760, 163, -343
-1088, -78, 4
-1088, -78, 4
-1485, 194, 475
-1555, 605, 730
-1289, 701, 1082
-1327, 551, 986
-1274, 432, 646
-1204, 476, 383
-1232, 363, 245
-1113, 312, 215
-,-,-
-1030, 485, 69
-1108, 554, 173
-1355, 703, 359
-1660, 771, 1022
-1938, 546, 1152
-1998, 482, 1095
-1944, 554, 843
-1727, 372, 435
-1617, 154, 185
-1156, -67, -67
-662, 32, -793
-264, 136, -909
-96, 209, -1077
11, 444, -1350
11, 444, -1350
42, 893, -1069
-89, 900, -889
-332, 547, -633
-846, 307, -379
-1201, 196, 37
-1530, 198, 558
-1694, 572, 1117
-1406, 783, 1523
-1266, 673, 1066
-1188, 494, 510
-1128, 488, 242
-1087, 462, 60
-931, 439, 3
-,-,-
-832, 244, -115
-898, 317, -108
-1048, 656, 170
-942, 757, 363
-1127, 717, 503
-1382, 672, 695
-1651, 632, 618
-1834, 617, 746
-1829, 585, 954
-1709, 571, 879
-1537, 373, 599
-1537, 373, 599
-1285, 119, 241
-1031, 113, -114
-606, 372, -487
-218, 425, -660
46, 465, -883
215, 433, -952
188, 491, -1018
78, 617, -947
-127, 719, -990
-536, 754, -845
-1118, 510, -304
-1412, 330, 312
-1810, 330, 918
-1530, 592, 1558
-1261, 585, 1329
-1242, 585, 828
-1146, 659, 523
-,-,-
-830, 217, -126
-830, 217, -126
-849, 475, 25
-864, 652, 176
-797, 598, 124
-946, 599, 319
-1213, 624, 497
-1417, 597, 671
-1726, 546, 808
-1972, 610, 984
-1993, 640, 1184
-1998, 659, 1451
-1981, 643, 1088
-1659, 108, 389
-1345, -199, -148
-805, 112, -723
-296, 233, -1404
164, 338, -1978
163, 387, -1904
147, 808, -1637
48, 783, -1591
-605, 590, -1141
-1363, 399, -397
-1586, 181, 475
-1586, 181, 475
-1729, 294, 1133
-1476, 412, 1441
-1543, 546, 1187
-1435, 851, 819
-1205, 904, 717
-1134, 680, 289
-1003, 565, 223
-889, 408, 131
-833, 342, 113
-,-,-
-766, 281, -129
-757, 292, -267
-910, 633, 13
-844, 721, 164
-1051, 596, 344
-1358, 535, 670
-1582, 516, 857
-1582, 516, 857
-1899, 443, 923
-1998, 501, 1099
-1998, 682, 1377
-1998, 724, 1252
-1930, 258, 659
-1623, -121, -42
-1220, -151, -794
-760, 83, -1242
-57, 301, -1945
66, 587, -1997
42, 846, -1968
-115, 853, -1671
-497, 644, -1169
-1142, 292, -641
-1634, 21, -27
-1819, 145, 717
-1705, 434, 1459
-1725, 894, 1508
-1432, 857, 1435
-1366, 723, 885
-1259, 625, 389
-,-,-
-741, 167, -222
-1002, 307, -145
-1281, 826, 345
-955, 947, 528
-884, 687, 752
-1637, 497, 856
-1998, 745, 1221
-1998, 882, 1399
-1998, 591, 1279
-1854, 473, 1031
-1631, 312, 590
-1212, -98, -388
-627, -329, -1011
-392, -177, -1674
-82, 251, -1996
-102, 759, -1972
-190, 978, -1737
-280, 917, -1269
-946, 390, -844
-1492, 88, -231
-1963, -20, 341
-1898, -20, 1116
-1805, 705, 1523
-1565, 923, 1431
-1419, 971, 833
-,-,-
-668, 187, 6
-814, 154, -503
-878, 415, -442
-1061, 758, 39
-1063, 839, 284
-1166, 684, 529
-1786, 554, 1028
-1998, 676, 1156
-1998, 800, 1173
-1998, 731, 1406
-1998, 503, 894
-1874, 138, 184
-1475, -264, -332
-979, -60, -832
-475, 0, -1342
59, 181, -1978
280, 289, -1997
109, 603, -1878
109, 603, -1878
6, 808, -1634
-499, 697, -1388
-1142, 200, -519
-1956, 213, 345
-1638, 389, 1388
-1619, 360, 1339
-1627, 680, 1222
-1297, 986, 897
-1178, 919, 341
-,-,-
-863, 253, -320
-854, 426, -367
-897, 709, -8
-897, 709, -8
-916, 812, 315
-1129, 601, 539
-1777, 415, 947
-1998, 542, 1147
-1998, 725, 1164
-1998, 714, 1328
-1998, 641, 1088
-1704, 136, 376
-1454, -403, -347
-878, -349, -926
-356, -86, -1738
87, 207, -1997
201, 706, -1997
120, 989, -1994
-94, 748, -1618
-740, 229, -972
-1721, 78, -236
-1998, 227, 708
-1862, 386, 1627
-1588, 459, 1567
-1395, 517, 1052
-1401, 495, 628
-1518, 682, 312
-1216, 902, 150
-,-,-
-759, 355, -142
-805, 369, -243
-837, 461, -162
-914, 409, 106
-1441, 576, 677
-1966, 883, 1356
-1998, 850, 1887
-1998, 542, 1565
-1998, 410, 1174
-1984, 331, 527
-1621, 197, -50
-1122, 3, -443
-617, -1, -867
-320, 104, -1443
-52, 273, -1935
122, 355, -1988
122, 355, -1988
67, 342, -1859
-255, 541, -1506
-981, 823, -1120
-1321, 413, -373
-1915, -170, 264
-1989, 376, 1588
-1723, 784, 1853
-1706, 735, 1546
-1545, 679, 1179
-1285, 671, 288
-1094, 721, -18
-913, 661, -4
-,-,-
-941, 514, 108
-959, 580, 303
-1235, 776, 467
-1294, 1131, 704
-1095, 857, 760
-1453, 402, 653
-1574, 646, 965
-1521, 1029, 1349
-1471, 671, 1342
-1331, 3, 591
-1093, -16, -144
-721, 258, -752
-324, 303, -1111
77, 438, -1324
131, 564, -1614
-32, 693, -1766
-376, 957, -1553
-754, 892, -942
-1075, 328, -226
-1248, 57, 342
-1420, 178, 664
-1420, 178, 664
-1446, 389, 940
-1661, 684, 1285
-,-,-
-731, 132, -125
-857, 175, -224
-880, 476, -34
-961, 758, 92
-861, 781, 141
-975, 645, 349
-1291, 630, 558
-1751, 695, 748
-1866, 748, 855
-1822, 851, 892
-1697, 732, 976
-1736, 514, 771
-1473, 75, 317
-1473, 75, 317
-1149, -290, 60
-881, 12, -582
-522, 217, -1047
-251, 256, -1453
-77, 389, -1760
-173, 650, -1425
-324, 668, -1125
-614, 513, -743
-1054, 482, -145
-1307, 463, 270
-1351, 564, 882
-1268, 479, 1285
-1395, 424, 1017
-1267, 572, 823
-1197, 589, 499
-1088, 627, 210
-1016, 656, 120
-,-,-
-970, 482, 101
-1021, 634, 50
-1021, 634, 50
-862, 641, 119
-883, 623, 393
-1229, 760, 654
-1356, 946, 940
-1282, 831, 1119
-1422, 498, 851
-1642, 461, 340
-1461, 627, 147
-1088, 383, 330
-675, 40, 238
-506, -98, -343
-361, -21, -979
-324, 348, -1100
-146, 660, -784
-418, 761, -687
-747, 943, -230
-747, 943, -230
-791, 783, 252
-1058, 432, 244
-1309, 344, 303
-1149, 467, 659
-1057, 487, 816
-,-,-
-782, 205, -208
-826, 258, -358
-1072, 531, -137
-1209, 777, 160
-1115, 990, 577
-1215, 1045, 967
-1641, 1008, 1119
-1738, 719, 1164
-1832, 426, 660
-1545, 355, 265
-1392, 437, 17
-952, 326, -350
-482, 110, -711
-164, 168, -956
-92, 213, -819
-92, 213, -819
-234, 457, -917
-352, 686, -796
-562, 883, -414
-738, 502, -24
-1224, 261, 93
-1404, 467, 615
-1372, 724, 1231
-1219, 691, 1189
-1148, 582, 866
-1143, 516, 496
-1058, 555, 106
-,-,-
-815, 293, -51
-759, 255, -240
-1008, 498, -14
-1047, 678, 75
-866, 669, 274
-1310, 858, 771
-1479, 1123, 1120
-1400, 848, 937
-1503, 247, 673
-1761, 353, 536
-1761, 353, 536
-1411, 764, 624
-1245, 566, 527
-726, -126, -171
-505, -96, -658
-192, 395, -840
-254, 616, -821
-154, 816, -775
-184, 691, -470
-268, 624, -397
-481, 420, -365
-1294, 330, -80
-1459, 622, 555
-1098, 696, 766
-914, 750, 1088
-1254, 694, 1042
-1204, 663, 727
-1088, 596, 517
-1078, 474, 141
-939, 573, 55
-828, 714, 54
-828, 714, 54
-722, 720, 177
-751, 673, 233
-,-,-
-714, 296, -61
-965, 484, 55
-926, 630, 294
-1005, 705, 415
-1041, 828, 711
-1196, 905, 951
-1313, 849, 792
-1425, 858, 704
-1423, 939, 889
-1279, 578, 770
-919, 10, 121
-919, 10, 121
-762, 153, -189
-408, 384, -635
-193, 439, -692
-86, 470, -861
-68, 625, -564
-285, 654, -436
-448, 600, -215
-977, 741, -91
-991, 638, 357
-1078, 417, 625
-1078, 417, 625
-946, 461, 707
-1195, 795, 781
-1150, 907, 919
-986, 787, 655
-1066, 620, 376
-936, 657, 198
-826, 676, 65
-866, 589, 189
-,-,-
-806, 408, -128
-886, 528, 80
-892, 724, 300
-883, 760, 379
-986, 745, 588
-1223, 854, 794
-1314, 861, 818
-1295, 761, 681
-1295, 761, 681
-1374, 572, 792
-1358, 547, 849
-1104, 471, 530
-799, 237, -16
-433, 185, -367
-296, 323, -556
-239, 494, -652
-289, 691, -551
-251, 751, -605
-308, 801, -496
-547, 533, -241
-1191, 476, 214
-1244, 565, 540
-960, 677, 948
-726, 534, 958
-1252, 569, 765
-1252, 569, 765
-1146, 688, 639
-1008, 653, 326
-1007, 569, 145
-885, 651, 125
-781, 634, 58
-777, 624, 146
-,-,-
-783, 431, 26
-853, 561, 153
-853, 561, 153
-720, 550, 155
-778, 498, 59
-942, 601, 245
-1122, 803, 487
-1228, 976, 702
-1121, 848, 643
-1280, 700, 713
-1358, 652, 727
-1153, 493, 725
-969, 286, 403
-633, 251, 20
-633, 251, 20
-411, 426, -249
-355, 484, -453
-214, 502, -503
-292, 501, -477
-357, 646, -334
-517, 751, -242
-540, 678, -126
-802, 613, 115
-1008, 567, 391
-1064, 701, 633
-833, 681, 911
-1052, 473, 686
-1112, 648, 703
-1049, 744, 467
-965, 673, 229
-965, 673, 229
-886, 704, 194
-827, 721, 157
-,-,-
-793, 419, -97
-848, 549, 59
-820, 739, 281
-751, 672, 290
-885, 596, 388
-885, 596, 388
-1126, 699, 623
-1215, 885, 693
-1076, 783, 733
-1148, 579, 723
-1142, 498, 334
-1058, 593, 371
-902, 513, 437
-680, 402, 295
-426, 345, 0
-366, 423, -262
-324, 476, -404
-427, 687, -333
-376, 724, -292
-376, 724, -292
-491, 749, -340
-497, 751, -388
-660, 619, -161
-1164, 542, 201
-1239, 732, 522
-916, 757, 1056
-918, 554, 1062
-1150, 466, 713
-1038, 576, 532
-981, 695, 206
-895, 704, 67
-727, 718, -46
-,-,-
-770, 356, 4
-822, 485, 10
-838, 683, 246
-760, 749, 311
-666, 609, 141
-912, 528, 204
-912, 528, 204
-1156, 710, 460
-1124, 910, 627
-1130, 886, 758
-1163, 824, 765
-1107, 648, 619
-1041, 465, 440
-1082, 342, 369
-828, 386, 215
-535, 513, 98
-405, 598, -65
-258, 605, -195
-179, 419, -425
-316, 411, -570
-401, 650, -467
-401, 650, -467
-455, 783, -377
-564, 701, -155
-841, 563, 188
-982, 608, 376
-822, 642, 539
-984, 547, 658
-1200, 526, 829
-1012, 665, 815
-997, 645, 579
-997, 599, 219
-903, 595, 47
-903, 595, 47
-834, 642, 104
-,-,-
-846, 440, 95
-745, 418, -12
-912, 590, 181
-864, 690, 400
-968, 740, 431
-968, 740, 431
-1137, 769, 549
-1294, 864, 732
-1272, 846, 800
-1097, 548, 562
-1273, 418, 513
-1253, 515, 756
-1050, 519, 459
-693, 478, 149
-448, 385, -96
-340, 341, -491
-251, 391, -615
-257, 526, -531
-264, 706, -508
-391, 748, -320
-399, 739, -1
-399, 739, -1
-518, 582, 150
-908, 435, 132
-1136, 553, 398
-1069, 618, 719
-922, 562, 932
-1031, 576, 877
-1188, 701, 759
-1074, 763, 690
-993, 686, 510
-886, 586, 240
-810, 543, 11
-,-,-
-837, 465, 195
-871, 637, 382
-871, 637, 382
-814, 679, 434
-881, 712, 479
-1000, 781, 600
-1234, 815, 887
-1204, 673, 803
-1224, 601, 768
-1176, 542, 678
-997, 439, 431
-840, 337, 346
-584, 388, 86
-584, 388, -149
-448, 451, -149
-291, 468, -328
-240, 473, -280
-364, 635, -401
-240, 751, -378
-372, 660, -343
-500, 619, -176
-877, 667, 73
-895, 638, 430
-927, 421, 667
-1235, 601, 888
-911, 862, 1142
-928, 655, 703
-1052, 630, 482
-951, 596, 264
-951, 596, 264
-807, 651, 101
-,-,-
-883, 419, 7
-957, 679, 370
-915, 829, 470
-800, 819, 628
-949, 750, 736
-1173, 649, 655
-1209, 605, 697
-1209, 605, 697
-1231, 695, 892
-1196, 694, 857
-1120, 565, 592
-922, 386, 305
-651, 243, 141
-582, 232, -3
-367, 357, -114
-188, 398, -165
-135, 507, -523
-33, 650, -890
-231, 682, -996
-847, 725, -630
-1071, 741, -184
-1152, 573, -2
-1152, 573, -2
-1555, 572, 311
-1378, 592, 1133
-1360, 449, 1244
-,-,-
-1116, 612, 229
-1390, 900, 492
-967, 878, 568
-1046, 718, 485
-1251, 740, 632
-1049, 527, 611
-1289, 463, 674
-770, 315, 452
-426, 89, -119
-342, 300, -540
-253, 542, -751
-186, 608, -785
-334, 734, -658
-462, 877, -422
-462, 877, -422
-457, 704, -201
-759, 337, -17
-1032, 270, 132
-1197, 616, 403
-1092, 747, 869
-1007, 518, 863
-1101, 580, 714
-1133, 511, 478
-1053, 523, 172
-985, 597, 162
-,-,-
-956, 355, -79
-915, 458, -39
-925, 609, 155
-925, 609, 155
-911, 702, 296
-804, 569, 260
-982, 399, 266
-1283, 470, 475
-1302, 656, 676
-1344, 700, 760
-1351, 680, 1044
-1222, 395, 575
-1340, 356, 173
-997, 382, 22
-616, 96, -340
-511, 380, -608
-511, 380, -608
-325, 601, -651
-441, 816, -694
-449, 712, -442
-441, 707, -89
-683, 602, 209
-639, 423, 413
-786, 336, 389
-1142, 622, 591
-930, 735, 696
-909, 718, 536
-898, 663, 499
-,-,-
-705, 507, 141
-850, 444, 12
-937, 588, 164
-910, 748, 425
-1009, 859, 725
-1152, 894, 935
-1152, 894, 935
-1309, 764, 1110
-1335, 556, 1147
-1228, 385, 587
-1182, 525, 281
-927, 599, 310
-735, 410, 145
-499, 274, -21
-376, 349, -198
-285, 436, -296
-338, 443, -340
-377, 642, -313
-447, 768, -223
-561, 730, -11
-631, 616, 242
-758, 551, 488
-758, 551, 488
-807, 454, 527
-880, 376, 489
-886, 400, 480
-900, 562, 441
-921, 692, 494
-982, 674, 562
-,-,-
-795, 461, 145
-975, 571, 223
-975, 571, 223
-880, 685, 348
-851, 681, 479
-921, 567, 513
-1117, 552, 563
-1161, 625, 707
-1212, 633, 746
-1101, 690, 800
-996, 718, 645
-949, 605, 379
-688, 295, 154
-564, 231, -37
-564, 231, -37
-491, 383, -184
-274, 440, -332
-386, 466, -463
-372, 599, -436
-526, 719, -409
-695, 670, -196
-938, 637, 90
-981, 692, 457
-900, 659, 783
-947, 424, 917
-1043, 276, 726
-1086, 338, 642
-1015, 535, 535
-1015, 535, 535
-927, 668, 485
-879, 705, 415
-,-,-
-806, 333, -117
-954, 581, 96
-954, 581, 96
-1112, 860, 403
-943, 920, 634
-895, 643, 699
-1265, 538, 747
-1380, 588, 873
-1394, 749, 919
-1312, 630, 854
-1180, 455, 606
-992, 410, 330
-785, 334, 165
-593, 199, -14
-593, 199, -14
-422, 290, -122
-171, 438, -246
-31, 437, -462
-194, 602, -639
-323, 732, -502
-512, 738, -352
-748, 761, -2
-976, 805, 436
-789, 681, 940
-839, 343, 871
-1003, 296, 714
-1003, 296, 714
-1011, 523, 576
-966, 783, 522
-863, 848, 538
-810, 749, 412
-820, 686, 325
-818, 651, 344
-,-,-
-661, 367, 19
-867, 487, 65
-981, 791, 318
-981, 791, 318
-853, 894, 499
-779, 776, 657
-1049, 655, 658
-1244, 645, 638
-1228, 780, 730
-1242, 818, 807
-1113, 671, 750
-979, 464, 497
-842, 393, 403
-681, 379, 157
-523, 497, -59
-523, 497, -59
-244, 604, -163
-166, 593, -269
-58, 582, -333
-151, 587, -360
-309, 572, -252
-484, 680, -155
-536, 690, 9
-714, 662, 243
-890, 752, 492
-948, 723, 646
-948, 723, 646
-956, 596, 846
-962, 643, 861
-894, 709, 556
-,-,-
-765, 441, -18
-933, 706, 220
-844, 827, 319
-744, 693, 441
-828, 517, 588
-1051, 510, 571
-1158, 638, 604
-1160, 695, 664
-1065, 637, 741
-1052, 587, 716
-1072, 607, 540
-1091, 589, 566
-1091, 589, 566
-1023, 444, 639
-907, 456, 581
-705, 653, 332
-453, 652, -72
-222, 470, -507
-124, 445, -715
80, 448, -867
-106, 617, -684
-350, 917, -416
-528, 978, -167
-697, 682, 113
-890, 562, 456
-890, 562, 456
-912, 608, 791
-950, 692, 833
-926, 645, 671
-956, 669, 558
-,-,-
-714, 561, -74
-802, 383, -49
-942, 461, 90
-946, 601, 234
-869, 705, 287
-960, 723, 432
-960, 723, 432
-1089, 657, 746
-1230, 697, 936
-1436, 707, 889
-1524, 904, 883
-1415, 983, 764
-1122, 554, 514
-1090, 223, 155
-903, 123, -224
-529, 383, -507
-304, 530, -495
-173, 505, -487
-149, 544, -486
-242, 739, -355
-441, 956, -255
-561, 815, -136
-732, 614, 176
-730, 560, 523
-730, 560, 523
-800, 572, 693
-961, 572, 754
-,-,-
-925, 545, -2
-886, 680, 101
-871, 680, 175
-812, 711, 374
-812, 711, 374
-830, 647, 574
-978, 572, 568
-1077, 602, 512
-1095, 664, 509
-1126, 785, 454
-1100, 873, 407
-968, 796, 355
-971, 631, 423
-998, 427, 454
-784, 253, 393
-784, 253, 393
-415, 434, 6
-231, 512, -296
-148, 551, -375
-82, 483, -461
-273, 695, -375
-384, 827, -232
-363, 845, -134
-477, 649, -12
-856, 497, 214
-1160, 588, 572
-1109, 821, 791
-781, 814, 984
-781, 814, 984
-780, 749, 871
-937, 740, 556
-,-,-
-915, 610, 16
-915, 610, 16
-888, 791, 294
-911, 764, 475
-947, 739, 568
-1119, 782, 668
-1189, 832, 659
-1212, 886, 702
-1188, 857, 718
-1002, 671, 366
-907, 471, 112
-881, 312, -5
-881, 312, -5
-713, 385, 173
-,-,-
-188, 565, -431
-95, 524, -493
-95, 524, -493
-342, 641, -416
-490, 835, -327
-559, 927, -58
-841, 809, 84
-861, 829, 430
-802, 740, 601
-839, 568, 663
-868, 571, 703
-870, 704, 592
-870, 704, 592
-826, 704, 329
-831, 742, 239
-,-,-
-846, 484, -181
-860, 581, -78
-965, 715, 168
-1028, 753, 430
-1094, 853, 803
-1131, 800, 890
-1279, 784, 638
-1310, 849, 477
-1217, 830, 260
-1090, 698, 133
-1014, 507, 6
-1014, 507, 6
-819, 269, -30
-567, 348, 104
-390, 406, -25
-,-,-
-173, 533, -243
-157, 529, -301
-359, 579, -350
-406, 669, -281
-462, 601, -174
-772, 590, -16
-969, 718, 264
-986, 772, 513
-976, 688, 764
-1026, 825, 831
-1064, 745, 595
-981, 769, 386
-981, 769, 386
-970, 677, 157
-963, 668, 131
-,-,-
-944, 433, -74
-1121, 706, 247
-1062, 909, 361
-954, 947, 578
-951, 801, 558
-1102, 678, 316
-1186, 660, 323
-1149, 643, 349
-1157, 729, 527
-1193, 880, 737
-950, 700, 308
-950, 700, 308
-737, 282, 81
-602, 127, 225
-432, 364, 0
-236, 486, -316
-41, 460, -358
-155, 531, -478
-303, 661, -435
-493, 756, -284
-551, 670, -157
-1011, 675, 21
-1011, 675, 21
-1098, 989, 557
-918, 830, 841
-957, 546, 940
-1051, 546, 756
-993, 648, 425
-964, 682, 176
-904, 736, 112
-906, 784, 171
-829, 714, 157
-,-,-
-1114, 683, 312
-1144, 1029, 543
-1068, 1204, 859
-1069, 1019, 757
-1248, 727, 651
-1180, 538, 356
-1077, 405, -53
-1077, 405, -53
-881, 425, -17
-592, 486, 257
-514, 536, 70
-,-,-
-272, 564, -159
-272, 564, -159
-307, 670, -94
-415, 695, -191
-514, 708, -189
-558, 595, -63
-728, 473, 59
-902, 436, 180
-1077, 585, 458
-1086, 822, 546
-1036, 734, 640
-1039, 562, 617
-1151, 530, 585
-,-,-
-1127, 644, 171
-1128, 660, 221
-1223, 631, 467
-1301, 715, 769
-1241, 857, 877
-1318, 780, 734
-1318, 780, 734
-1308, 535, 534
-1232, 425, 183
-1005, 495, -108
-790, 315, 91
-686, 297, 284
-469, 253, 17
-,-,-
-55, 528, -184
-84, 539, -245
-210, 638, -292
-275, 828, -190
-336, 806, -173
-433, 621, -131
-630, 524, 112
-951, 597, 342
-1031, 756, 593
-825, 747, 714
-834, 557, 720
-834, 557, 720
-819, 630, 690
-,-,-
-858, 389, -126
-974, 552, 119
-1229, 771, 404
-1244, 933, 795
-1015, 885, 1104
-1159, 785, 806
-1419, 632, 691
-1291, 590, 241
-1013, 510, -123
-839, 416, 302
-709, 409, 406
-512, 364, 114
-296, 403, -210
-161, 494, -223
-91, 573, -284
-91, 573, -284
-111, 551, -303
-168, 665, -237
-291, 704, -302
-403, 693, -163
-707, 657, 57
-1075, 707, 390
-983, 746, 698
-750, 772, 901
-860, 577, 584
-979, 722, 553
-1000, 735, 248
-1000, 735, 248
-937, 728, 156
-918, 667, 302
-847, 576, 294
-,-,-
-953, 521, 176
-953, 521, 176
-1201, 757, 392
-1210, 948, 582
-984, 951, 1051
-1132, 701, 865
-1441, 692, 773
-1193, 836, 560
-1023, 530, 238
-896, 198, 214
-681, 331, 183
-453, 459, -117
-287, 444, -280
-125, 475, -296
-38, 488, -425
-38, 488, -425
-165, 667, -378
-283, 768, -223
-510, 798, -125
-601, 802, 30
-656, 687, 189
-778, 562, 244
-803, 491, 367
-1039, 598, 515
-982, 741, 626
-918, 814, 673
-974, 666, 451
-974, 666, 451
-955, 559, 325
-1003, 463, 216
-1006, 463, 238
-,-,-
-820, 534, -47
-820, 534, -47
-1011, 645, 233
-1063, 743, 381
-1055, 724, 512
-1080, 546, 568
-1300, 534, 542
-1348, 632, 639
-1288, 713, 654
-1286, 591, 574
-1247, 502, 207
-1023, 590, 201
-890, 369, 327
-814, 243, 311
-536, 290, -78
-280, 533, -333
-119, 660, -323
-119, 660, -323
-111, 584, -409
43, 600, -400
-121, 672, -348
-288, 825, -213
-287, 793, -137
-565, 693, -15
-777, 627, 175
-801, 662, 415
-781, 566, 483
-821, 444, 435
-902, 573, 480
-902, 573, 480
-,-,-
-739, 409, -91
-775, 514, -29
-884, 634, 134
-926, 728, 240
-846, 684, 362
-1083, 637, 446
-1343, 693, 561
-1379, 780, 647
-1220, 690, 613
-1220, 690, 613
-1198, 658, 580
-1266, 604, 458
-1117, 575, 11
-929, 498, 224
-796, 350, 376
-623, 359, 185
-334, 478, -146
-133, 487, -335
-53, 524, -510
-45, 541, -569
-291, 793, -505
-416, 985, -323
-540, 878, -7
-540, 878, -7
-635, 704, 273
-566, 588, 458
-649, 494, 464
-969, 586, 556
-1018, 705, 612
-1010, 817, 510
-,-,-
-910, 497, 142
-1268, 803, 315
-1098, 893, 393
-1098, 893, 393
-871, 787, 549
-1081, 576, 487
-1329, 529, 443
-1322, 665, 545
-1161, 662, 511
-1043, 582, 446
-1019, 455, 359
-1113, 655, 225
-1169, 871, 574
-963, 589, 577
-658, 15, 370
-498, 108, -7
-427, 592, -278
-427, 592, -278
-386, 770, -361
-223, 766, -366
-17, 735, -301
-17, 736, -348
-129, 692, -294
-353, 697, -185
-545, 868, -128
-535, 889, -2
-578, 653, 117
-791, 474, 229
-1252, 585, 559
-1189, 744, 862
-991, 763, 927
-991, 763, 927
-882, 724, 718
-959, 525, 423
-945, 499, 193
-,-,-
-726, 378, -127
-885, 547, 61
-938, 710, 171
-938, 710, 171
-934, 797, 456
-1015, 777, 751
-1236, 713, 741
-1319, 642, 635
-1297, 591, 502
-1278, 572, 462
-1225, 589, 600
-1083, 627, 478
-1019, 601, 282
-927, 518, 360
-862, 328, 345
-700, 366, 160
-424, 584, -32
-424, 584, -32
-316, 757, -62
-123, 768, -219
-2, 739, -402
91, 691, -539
75, 609, -610
-135, 757, -517
-400, 909, -343
-474, 899, -30
-669, 691, 248
-669, 691, 248
-794, 593, 426
-910, 616, 707
-1096, 612, 894
-1064, 721, 921
-1011, 741, 789
-983, 835, 692
-,-,-
-743, 351, -122
-743, 351, -122
-1102, 673, 231
-1217, 895, 508
-1139, 920, 868
-1313, 922, 1109
-1526, 802, 1064
-1454, 508, 768
-1523, 725, 649
-1327, 946, 674
-1166, 719, 404
-1468, 578, 624
-958, 477, 439
-192, 135, -479
45, 210, -543
163, 405, -725
-87, 664, -716
83, 806, -387
83, 806, -387
87, 755, -303
-56, 666, -326
-92, 621, -136
-340, 612, -91
-1013, 926, 196
-1076, 1001, 622
-974, 779, 860
-929, 629, 909
-929, 629, 909
-,-,-
-568, 493, -225
-788, 569, 60
-788, 569, 60
-1069, 652, 250
-994, 783, 438
-894, 762, 794
-1267, 721, 796
-1432, 787, 751
-1364, 727, 790
-1291, 674, 542
-1223, 748, 461
-1077, 752, 364
-1020, 496, 304
-771, 283, 120
-543, 463, 77
-543, 463, 77
-288, 587, -36
-69, 535, -235
21, 513, -414
-83, 586, -420
-113, 784, -382
-182, 765, -316
-380, 793, -262
-468, 847, -99
-568, 745, -5
-568, 745, -5
-933, 677, 117
-978, 664, 396
-1038, 688, 696
-889, 569, 892
-892, 564, 882
-1022, 503, 618
-1055, 534, 412
-,-,-
-1177, 655, 282
-1214, 971, 502
-901, 984, 708
-901, 984, 708
-950, 801, 734
-1270, 670, 546
-1337, 622, 576
-1392, 837, 558
-1286, 940, 601
-992, 649, 320
-1114, 284, 407
-795, 333, 29
-391, 453, -287
-133, 447, -391
-21, 573, -516
87, 585, -642
87, 585, -642
-143, 808, -374
-189, 912, -301
-222, 782, -155
-267, 668, -40
-446, 588, -6
-769, 663, 250
-1019, 744, 574
-961, 729, 823
-932, 660, 805
-,-,-
-746, 516, -3
-735, 648, -23
-721, 657, 184
-710, 617, 257
-736, 668, 291
-841, 761, 410
-974, 737, 547
-1069, 687, 681
-1061, 660, 655
-1405, 865, 825
-1405, 865, 825
-1070, 891, 526
-866, 608, 165
-986, 461, 420
-843, 490, 373
-615, 538, 193
-394, 566, 43
-284, 680, -233
-159, 813, -367
-114, 750, -319
-154, 700, -232
-177, 690, -163
-152, 684, -213
-290, 767, -299
-290, 767, -299
-660, 948, -261
-839, 836, 36
-956, 614, 353
-940, 489, 750
-879, 513, 901
-922, 597, 751
-927, 751, 589
-,-,-
-728, 498, -160
-686, 525, -63
-930, 696, 134
-862, 843, 352
-804, 825, 539
-1051, 773, 598
-1207, 679, 628
-1216, 625, 679
-1216, 625, 679
-1190, 694, 595
-1116, 764, 291
-1048, 800, 279
-902, 540, 349
-796, 332, 430
-665, 382, 205
-487, 516, -96
-234, 656, -297
-133, 729, -406
-90, 706, -498
-143, 753, -493
-170, 848, -408
-386, 855, -308
-579, 1038, -180
-790, 882, 87
-790, 882, 87
-796, 790, 440
-597, 674, 605
-819, 533, 564
-941, 650, 593
-911, 869, 522
-795, 904, 322
-,-,-
-865, 670, 59
-870, 790, 191
-735, 899, 364
-780, 825, 526
-780, 825, 526
-846, 668, 381
-1023, 675, 262
-1031, 842, 419
-946, 880, 450
-980, 822, 515
-1009, 751, 496
-903, 597, 404
-784, 423, 384
-757, 528, 247
-545, 694, 45
-545, 694, 45
-332, 785, -238
-156, 702, -448
-115, 706, -586
-106, 694, -517
-150, 824, -404
-288, 949, -334
-321, 1029, -215
-414, 785, -96
-883, 701, 81
-779, 937, 525
-655, 891, 710
-754, 617, 614
-754, 617, 614
-747, 573, 520
-720, 705, 307
-839, 783, 249
-824, 797, 265
-,-,-
-752, 431, 15
-981, 554, 162
-1342, 983, 418
-1053, 1296, 854
-758, 1141, 762
-1176, 667, 320
-1248, 520, 306
-1182, 738, 340
-1156, 967, 559
-1008, 764, 694
-828, 391, 140
-667, 386, -237
-548, 646, -393
-397, 711, -468
-205, 704, -336
-82, 721, -246
-82, 721, -246
-56, 666, -290
-328, 792, -281
-350, 844, -252
-376, 848, -121
-450, 861, 3
-587, 879, 86
-800, 921, 211
-759, 765, 375
-759, 765, 473
-720, 547, 473
-805, 529, 506
-813, 675, 498
-808, 719, 372
-820, 597, 278
-762, 571, 160
-800, 613, 210
-891, 694, 286
-,-,-
-646, 617, -124
-808, 768, -14
-697, 841, 228
-568, 812, 409
-568, 812, 409
-735, 696, 350
-1034, 682, 398
-1121, 832, 483
-946, 832, 425
-1058, 756, 490
-1074, 788, 600
-1052, 691, 528
-1008, 536, 559
-940, 499, 334
-708, 596, -12
-484, 716, -131
-289, 759, -284
-186, 696, -471
-131, 704, -406
-131, 704, -406
-41, 670, -303
-200, 710, -298
-293, 886, -262
-341, 926, -220
-412, 749, -112
-762, 717, 100
-847, 897, 460
-707, 839, 740
-860, 641, 758
-875, 668, 590
-888, 798, 326
-924, 866, 207
-924, 866, 207
-826, 918, 225
-774, 881, 222
-,-,-
-1084, 610, 59
-985, 923, 495
-828, 1069, 684
-843, 934, 522
-1037, 789, 269
-1146, 752, 290
-1085, 752, 309
-1065, 772, 472
-932, 769, 551
-874, 698, 402
-835, 620, 281
-577, 422, 90
-577, 422, 90
-411, 402, -225
-401, 700, -204
-241, 847, -234
-164, 768, -296
-195, 714, -354
-309, 756, -417
-302, 881, -398
-430, 897, -297
-656, 762, -107
-1031, 714, 199
-904, 805, 754
-759, 663, 855
-891, 632, 719
-891, 632, 719
-994, 733, 550
-893, 860, 185
-845, 856, 100
-810, 842, 148
-775, 770, 51
-696, 687, 133
-,-,-
-1061, 701, 111
-1125, 892, 461
-839, 1056, 871
-887, 995, 801
-1129, 857, 369
-1151, 757, 382
-1057, 607, 263
-1033, 681, 349
-889, 836, 390
-607, 637, 104
-453, 403, -190
-453, 403, -190
-366, 508, -343
-293, 679, -350
-273, 762, -280
-218, 795, -202
-305, 769, -265
-367, 890, -299
-490, 891, -275
-668, 804, -110
-757, 694, 154
-739, 554, 427
-872, 619, 582
-850, 643, 560
-857, 664, 508
-822, 755, 492
-822, 755, 492
-,-,-
-1071, 940, 545
-989, 950, 903
-1164, 681, 793
-1164, 681, 793
-1217, 691, 540
-1060, 771, 314
-1112, 601, 344
-896, 445, 7
-453, 384, -194
-263, 477, -373
-137, 452, -552
-346, 638, -609
-317, 971, -374
-318, 974, -302
-359, 830, -300
-425, 728, -181
-704, 783, -44
-670, 781, 123
-707, 624, 319
-707, 624, 319
-733, 519, 383
-1034, 659, 594
-1089, 849, 792
-1001, 875, 888
-1027, 755, 694
-967, 604, 244
-,-,-
-1009, 832, 192
-906, 925, 333
-841, 902, 515
-1110, 878, 659
-1143, 853, 730
-1143, 853, 730
-1080, 735, 649
-1089, 518, 509
-826, 281, 147
-597, 382, -150
-433, 694, -436
-367, 675, -699
-378, 798, -712
-321, 912, -406
-302, 849, -222
-374, 747, -17
-412, 778, -65
-426, 752, -220
-629, 738, -136
-773, 770, 101
-730, 695, 255
-730, 695, 255
-690, 554, 424
-738, 423, 507
-874, 508, 577
-992, 685, 535
-,-,-
-855, 543, -102
-927, 727, 125
-898, 881, 360
-1213, 930, 494
-1244, 947, 759
-1208, 879, 825
-1350, 620, 717
-1330, 544, 457
-945, 451, 202
-820, 330, -171
-625, 441, -141
-525, 608, -361
-314, 538, -566
-314, 538, -566
-171, 618, -478
-129, 747, -355
-250, 792, -250
-317, 863, -165
-339, 851, -232
-475, 808, -249
-585, 762, -133
-637, 716, 78
-671, 564, 302
-800, 450, 492
-968, 558, 616
-1120, 696, 653
